
#######################################################
#                                                     #
#                        LGA                          #
#                  ---------------                    #
#                                                     #
#               Local-Global Alignment                #
#        A Method for Finding 3-D Similarities        #
#               in Protein Structures                 #
#                                                     #
#                  ------------ 04/2019               #
#                                                     #
#      Adam Zemla (zemla1@llnl.gov)                   #
#      Lawrence Livermore National Laboratory, CA     #
#                                                     #
#######################################################

# Molecule1: number of CA atoms  440 ( 3382),  selected   94 , name 5j4a
# Molecule2: number of CA atoms   46 (  347),  selected   46 , name T0868_4
# PARAMETERS: 5j4a_T0868_4  -3  -o2  -gdc  -lga_m  -stral  -aa1:270_A:315_A  -aa2:1:46  
# FIXED Atom-Atom correspondence
# GDT and LCS analysis 

LCS - RMSD CUTOFF   5.00      length       segment         l_RMS    g_RMS
  LONGEST_CONTINUOUS_SEGMENT:    46         1 - 46          2.57     2.57
  LCS_AVERAGE:    100.00

LCS - RMSD CUTOFF   2.00      length       segment         l_RMS    g_RMS
  LONGEST_CONTINUOUS_SEGMENT:    39         1 - 39          1.96     2.69
  LCS_AVERAGE:     73.82

LCS - RMSD CUTOFF   1.00      length       segment         l_RMS    g_RMS
  LONGEST_CONTINUOUS_SEGMENT:    23        13 - 35          0.99     3.14
  LCS_AVERAGE:     33.60

LCS_GDT    MOLECULE-1    MOLECULE-2     LCS_DETAILS     GDT_DETAILS                                                    TOTAL NUMBER OF RESIDUE PAIRS:   46
LCS_GDT     RESIDUE       RESIDUE       SEGMENT_SIZE    GLOBAL DISTANCE TEST COLUMNS: number of residues under the threshold assigned to each residue pair
LCS_GDT   NAME NUMBER   NAME NUMBER    1.0  2.0  5.0    0.5  1.0  1.5  2.0  2.5  3.0  3.5  4.0  4.5  5.0  5.5  6.0  6.5  7.0  7.5  8.0  8.5  9.0  9.5 10.0
LCS_GDT     N   270_A     N       1     10   39   46      8   10   14   27   35   37   40   42   43   45   46   46   46   46   46   46   46   46   46   46 
LCS_GDT     T   271_A     T       2     10   39   46      8   10   27   32   35   37   40   42   43   45   46   46   46   46   46   46   46   46   46   46 
LCS_GDT     L   272_A     L       3     10   39   46      8   21   27   32   35   37   40   42   43   45   46   46   46   46   46   46   46   46   46   46 
LCS_GDT     S   273_A     S       4     10   39   46      8   10   27   32   35   37   40   42   43   45   46   46   46   46   46   46   46   46   46   46 
LCS_GDT     D   274_A     D       5     10   39   46      8   12   27   32   35   37   40   42   43   45   46   46   46   46   46   46   46   46   46   46 
LCS_GDT     H   275_A     H       6     10   39   46      8   16   27   32   35   37   40   42   43   45   46   46   46   46   46   46   46   46   46   46 
LCS_GDT     A   276_A     A       7     10   39   46      8   15   27   32   35   37   40   42   43   45   46   46   46   46   46   46   46   46   46   46 
LCS_GDT     A   277_A     A       8     10   39   46      8   12   27   32   35   37   40   42   43   45   46   46   46   46   46   46   46   46   46   46 
LCS_GDT     A   278_A     A       9     10   39   46      6   14   27   32   35   37   40   42   43   45   46   46   46   46   46   46   46   46   46   46 
LCS_GDT     A   279_A     A      10     10   39   46      3    8   11   13   34   37   40   42   43   45   46   46   46   46   46   46   46   46   46   46 
LCS_GDT     D   280_A     D      11      7   39   46      3    5    8   23   35   36   38   42   43   45   46   46   46   46   46   46   46   46   46   46 
LCS_GDT     F   281_A     F      12      7   39   46      4   15   27   32   35   37   40   42   43   45   46   46   46   46   46   46   46   46   46   46 
LCS_GDT     V   282_A     V      13     23   39   46      7   21   27   32   35   37   40   42   43   45   46   46   46   46   46   46   46   46   46   46 
LCS_GDT     P   283_A     P      14     23   39   46      7   21   27   32   35   37   40   42   43   45   46   46   46   46   46   46   46   46   46   46 
LCS_GDT     L   284_A     L      15     23   39   46      4   10   27   32   35   37   40   42   43   45   46   46   46   46   46   46   46   46   46   46 
LCS_GDT     A   285_A     A      16     23   39   46      4    9   24   32   35   37   40   42   43   45   46   46   46   46   46   46   46   46   46   46 
LCS_GDT     S   286_A     S      17     23   39   46      4    9   24   32   35   37   40   42   43   45   46   46   46   46   46   46   46   46   46   46 
LCS_GDT     R   287_A     R      18     23   39   46      7   21   27   32   35   37   40   42   43   45   46   46   46   46   46   46   46   46   46   46 
LCS_GDT     F   288_A     F      19     23   39   46     14   21   27   32   35   37   40   42   43   45   46   46   46   46   46   46   46   46   46   46 
LCS_GDT     L   289_A     L      20     23   39   46      7   21   27   32   35   37   40   42   43   45   46   46   46   46   46   46   46   46   46   46 
LCS_GDT     S   290_A     S      21     23   39   46     15   21   27   32   35   37   40   42   43   45   46   46   46   46   46   46   46   46   46   46 
LCS_GDT     E   291_A     E      22     23   39   46     15   21   27   32   35   37   40   42   43   45   46   46   46   46   46   46   46   46   46   46 
LCS_GDT     A   292_A     A      23     23   39   46     15   21   27   32   35   37   40   42   43   45   46   46   46   46   46   46   46   46   46   46 
LCS_GDT     N   293_A     N      24     23   39   46     15   21   27   32   35   37   40   42   43   45   46   46   46   46   46   46   46   46   46   46 
LCS_GDT     K   294_A     K      25     23   39   46     15   21   27   32   35   37   40   42   43   45   46   46   46   46   46   46   46   46   46   46 
LCS_GDT     T   295_A     T      26     23   39   46     15   21   27   32   35   37   40   42   43   45   46   46   46   46   46   46   46   46   46   46 
LCS_GDT     L   296_A     L      27     23   39   46     15   21   27   32   35   37   40   42   43   45   46   46   46   46   46   46   46   46   46   46 
LCS_GDT     L   297_A     L      28     23   39   46     15   21   27   32   35   37   40   42   43   45   46   46   46   46   46   46   46   46   46   46 
LCS_GDT     V   298_A     V      29     23   39   46     15   21   27   32   35   37   40   42   43   45   46   46   46   46   46   46   46   46   46   46 
LCS_GDT     K   299_A     K      30     23   39   46     15   21   27   32   35   37   40   42   43   45   46   46   46   46   46   46   46   46   46   46 
LCS_GDT     A   300_A     A      31     23   39   46     15   21   27   32   35   37   40   42   43   45   46   46   46   46   46   46   46   46   46   46 
LCS_GDT     I   301_A     I      32     23   39   46     15   21   27   32   35   37   40   42   43   45   46   46   46   46   46   46   46   46   46   46 
LCS_GDT     G   302_A     G      33     23   39   46     15   21   26   32   35   37   40   42   43   45   46   46   46   46   46   46   46   46   46   46 
LCS_GDT     N   303_A     N      34     23   39   46     15   21   27   32   35   37   40   42   43   45   46   46   46   46   46   46   46   46   46   46 
LCS_GDT     L   304_A     L      35     23   39   46     15   21   27   32   35   37   40   42   43   45   46   46   46   46   46   46   46   46   46   46 
LCS_GDT     P   305_A     P      36     20   39   46      3    4    6   13   21   35   37   40   43   45   46   46   46   46   46   46   46   46   46   46 
LCS_GDT     Q   306_A     Q      37      5   39   46      3   12   24   32   35   37   40   42   43   45   46   46   46   46   46   46   46   46   46   46 
LCS_GDT     K   307_A     K      38      5   39   46      3    4    6   12   17   24   30   38   43   45   46   46   46   46   46   46   46   46   46   46 
LCS_GDT     L   308_A     L      39      5   39   46      3    4    6    9   15   33   40   42   43   45   46   46   46   46   46   46   46   46   46   46 
LCS_GDT     Q   309_A     Q      40      5    5   46      3    4    6    6    6    9   10   16   26   40   46   46   46   46   46   46   46   46   46   46 
LCS_GDT     A   310_A     A      41      3    6   46      3    6   15   27   35   37   40   42   43   45   46   46   46   46   46   46   46   46   46   46 
LCS_GDT     K   311_A     K      42      5    6   46      4    5    5   14   15   24   34   42   43   45   46   46   46   46   46   46   46   46   46   46 
LCS_GDT     I   312_A     I      43      5    6   46      4    5    8   14   17   27   40   42   43   45   46   46   46   46   46   46   46   46   46   46 
LCS_GDT     I   313_A     I      44      5    6   46      4    5    8   15   19   28   40   42   43   45   46   46   46   46   46   46   46   46   46   46 
LCS_GDT     L   314_A     L      45      5    6   46      4    5    6   14   18   27   38   42   43   45   46   46   46   46   46   46   46   46   46   46 
LCS_GDT     I   315_A     I      46      5    6   46      3   10   14   25   32   37   40   42   43   45   46   46   46   46   46   46   46   46   46   46 
LCS_AVERAGE  LCS_A:  69.14  (  33.60   73.82  100.00 )

GLOBAL_DISTANCE_TEST (summary information about detected largest sets of residues (represented by selected AToms) that can fit under specified thresholds)
GDT DIST_CUTOFF  0.50   1.00   1.50   2.00   2.50   3.00   3.50   4.00   4.50   5.00   5.50   6.00   6.50   7.00   7.50   8.00   8.50   9.00   9.50  10.00
GDT NUMBER_AT     15     21     27     32     35     37     40     42     43     45     46     46     46     46     46     46     46     46     46     46 
GDT PERCENT_AT  32.61  45.65  58.70  69.57  76.09  80.43  86.96  91.30  93.48  97.83 100.00 100.00 100.00 100.00 100.00 100.00 100.00 100.00 100.00 100.00
GDT RMS_LOCAL    0.29   0.71   1.03   1.19   1.38   1.62   1.99   2.20   2.23   2.43   2.57   2.57   2.57   2.57   2.57   2.57   2.57   2.57   2.57   2.57
GDT RMS_ALL_AT   4.29   3.32   2.98   2.87   2.76   2.65   2.58   2.58   2.59   2.58   2.57   2.57   2.57   2.57   2.57   2.57   2.57   2.57   2.57   2.57

# Checking swapping
#   possible swapping detected:  F   281_A      F      12
#   possible swapping detected:  F   288_A      F      19
#   possible swapping detected:  E   291_A      E      22

#      Molecule1      Molecule2  DISTANCE  RMSD(lw:1)  Mis    MC     All   Dist_max   GDC_mc  GDC_all
LGA    N   270_A      N       1     2.244      -        0     -       -       7.430   72.976   47.619
LGA    T   271_A      T       2     0.845     0.077     0    0.544   1.895    2.382   88.214   82.993
LGA    L   272_A      L       3     1.248     0.169     0    0.154   1.228    4.494   83.690   69.167
LGA    S   273_A      S       4     1.395     0.064     0    0.121   0.968    1.934   81.429   78.571
LGA    D   274_A      D       5     0.968     0.025     0    0.150   0.839    1.527   88.214   86.012
LGA    H   275_A      H       6     0.185     0.114     0    0.158   0.818    2.881   97.619   83.000
LGA    A   276_A      A       7     0.496     0.034     0    0.153   0.802    0.993   95.238   94.286
LGA    A   277_A      A       8     1.197     0.223     0    0.291   0.366    1.435   83.690   83.238
LGA    A   278_A      A       9     0.943     0.430     0    0.982   1.317    1.358   83.690   83.238
LGA    A   279_A      A      10     2.860     0.941     0    1.655   2.235    5.204   69.048   60.476
LGA    D   280_A      D      11     4.027     0.405     0    1.745   2.813    8.083   42.262   26.369
LGA    F   281_A      F      12     1.855     0.331     0    0.848   1.710    3.118   70.833   65.844
LGA    V   282_A      V      13     1.600     0.313     0    0.481   0.964    2.166   77.143   72.993
LGA    P   283_A      P      14     1.525     0.161     0    0.287   0.523    3.474   79.405   71.020
LGA    L   284_A      L      15     0.612     0.072     0    0.397   0.445    1.758   92.857   88.333
LGA    A   285_A      A      16     1.482     0.477     0    0.637   0.788    2.297   75.119   74.667
LGA    S   286_A      S      17     1.470     0.100     0    0.328   1.246    2.144   77.143   74.365
LGA    R   287_A      R      18     2.430     0.164     0    0.280   1.488   10.635   64.881   35.411
LGA    F   288_A      F      19     2.486     0.145     0    0.344   1.773    2.666   66.786   70.779
LGA    L   289_A      L      20     2.154     0.198     0    0.230   1.176    3.934   68.810   59.464
LGA    S   290_A      S      21     1.176     0.028     0    0.115   1.321    2.124   81.429   78.651
LGA    E   291_A      E      22     0.968     0.126     0    0.159   1.114    3.548   88.214   79.312
LGA    A   292_A      A      23     0.773     0.027     0    0.148   1.221    1.210   90.476   88.667
LGA    N   293_A      N      24     0.814     0.054     0    0.120   1.614    3.306   90.476   80.952
LGA    K   294_A      K      25     1.282     0.165     0    0.179   1.871    6.193   81.548   65.503
LGA    T   295_A      T      26     1.694     0.053     0    0.100   1.800    2.882   75.000   71.837
LGA    L   296_A      L      27     1.328     0.052     0    0.097   0.259    2.691   83.690   73.333
LGA    L   297_A      L      28     1.048     0.154     0    0.144   0.334    2.692   83.690   74.286
LGA    V   298_A      V      29     1.978     0.028     0    0.076   0.847    3.028   70.952   66.190
LGA    K   299_A      K      30     2.107     0.025     0    0.104   0.959    4.069   68.810   57.090
LGA    A   300_A      A      31     1.422     0.107     0    0.131   0.954    1.571   77.143   78.000
LGA    I   301_A      I      32     1.681     0.042     0    0.243   0.297    2.519   70.952   72.083
LGA    G   302_A      G      33     2.788     0.081     0    0.401   0.858    3.866   53.810   53.810
LGA    N   303_A      N      34     2.546     0.040     0    0.594   1.387    4.206   55.595   54.821
LGA    L   304_A      L      35     1.980     0.423     0    1.442   2.161    4.164   59.524   55.179
LGA    P   305_A      P      36     4.489     0.472     0    1.442   2.252    7.084   52.500   36.395
LGA    Q   306_A      Q      37     1.171     0.185     0    0.687   1.398    7.148   61.667   47.989
LGA    K   307_A      K      38     4.897     0.040     0    0.710   1.174   12.095   33.929   18.571
LGA    L   308_A      L      39     3.862     0.464     0    1.282   2.662    6.724   35.000   46.250
LGA    Q   309_A      Q      40     6.345     0.034     0    0.933   1.826   12.774   21.667   10.212
LGA    A   310_A      A      41     2.633     0.245     0    1.204   2.058    3.822   67.500   62.667
LGA    K   311_A      K      42     4.795     0.491     0    1.667   2.862   13.084   40.714   20.688
LGA    I   312_A      I      43     4.219     0.033     0    0.588   2.394    7.326   37.143   31.548
LGA    I   313_A      I      44     4.348     0.093     0    0.570   1.316    4.701   37.143   35.000
LGA    L   314_A      L      45     4.545     0.173     0    0.836   1.553    8.950   38.810   28.631
LGA    I   315_A      I      46     2.809      -        1     -       -       6.223   38.690   37.989

# RMSD_GDC results:       CA      MC common percent     ALL common percent   GDC_mc  GDC_all
NUMBER_OF_ATOMS_AA:       46     184    184  100.00     347    346   99.71                46
SUMMARY(RMSD_GDC):     2.571          2.548                  3.719           68.590   61.598

#CA            N1   N2   DIST      N    RMSD    GDT_TS    LGA_S3     LGA_Q 
SUMMARY(GDT)   94   46    5.0     45    2.43    76.630    79.563     1.781

LGA_LOCAL      RMSD:   2.426  Number of atoms:   45  under DIST:   5.00
LGA_ASGN_ATOMS RMSD:   2.576  Number of assigned atoms:   46 
Std_ASGN_ATOMS RMSD:   2.571  Standard rmsd on all 46 assigned CA atoms 

Unitary ROTATION matrix and the SHIFT vector superimpose molecules  (1=>2)
  X_new =  -0.148707 * X  +  -0.867259 * Y  +   0.475130 * Z  +  -1.573780
  Y_new =   0.939175 * X  +   0.026552 * Y  +   0.342411 * Z  +  29.167767
  Z_new =  -0.309575 * X  +   0.497149 * Y  +   0.810559 * Z  +   9.473347 

Euler angles from the ROTATION matrix. Conventions XYZ and ZXZ:
           Phi     Theta       Psi   [DEG:       Phi     Theta       Psi ]
XYZ:  1.727831  0.314746  0.550172   [DEG:   98.9974   18.0336   31.5225 ]
ZXZ:  2.195259  0.625690 -0.556944   [DEG:  125.7791   35.8494  -31.9105 ]
 
# END of job
