
#######################################################
#                                                     #
#                        LGA                          #
#                  ---------------                    #
#                                                     #
#               Local-Global Alignment                #
#        A Method for Finding 3-D Similarities        #
#               in Protein Structures                 #
#                                                     #
#                  ------------ 04/2019               #
#                                                     #
#      Adam Zemla (zemla1@llnl.gov)                   #
#      Lawrence Livermore National Laboratory, CA     #
#                                                     #
#######################################################

# Molecule1: number of CA atoms  440 ( 3382),  selected   94 , name 5j4a
# Molecule2: number of CA atoms   46 (  347),  selected   46 , name T0868_2
# PARAMETERS: 5j4a_T0868_2  -3  -o2  -gdc  -lga_m  -stral  -aa1:270_A:315_A  -aa2:1:46  
# FIXED Atom-Atom correspondence
# GDT and LCS analysis 

LCS - RMSD CUTOFF   5.00      length       segment         l_RMS    g_RMS
  LONGEST_CONTINUOUS_SEGMENT:    46         1 - 46          2.82     2.82
  LCS_AVERAGE:    100.00

LCS - RMSD CUTOFF   2.00      length       segment         l_RMS    g_RMS
  LONGEST_CONTINUOUS_SEGMENT:    37         1 - 37          1.89     3.09
  LCS_AVERAGE:     69.28

LCS - RMSD CUTOFF   1.00      length       segment         l_RMS    g_RMS
  LONGEST_CONTINUOUS_SEGMENT:    19        17 - 35          0.89     3.86
  LONGEST_CONTINUOUS_SEGMENT:    19        18 - 36          0.90     4.12
  LCS_AVERAGE:     28.21

LCS_GDT    MOLECULE-1    MOLECULE-2     LCS_DETAILS     GDT_DETAILS                                                    TOTAL NUMBER OF RESIDUE PAIRS:   46
LCS_GDT     RESIDUE       RESIDUE       SEGMENT_SIZE    GLOBAL DISTANCE TEST COLUMNS: number of residues under the threshold assigned to each residue pair
LCS_GDT   NAME NUMBER   NAME NUMBER    1.0  2.0  5.0    0.5  1.0  1.5  2.0  2.5  3.0  3.5  4.0  4.5  5.0  5.5  6.0  6.5  7.0  7.5  8.0  8.5  9.0  9.5 10.0
LCS_GDT     N   270_A     N       1     11   37   46      8   11   14   22   27   33   38   41   43   45   46   46   46   46   46   46   46   46   46   46 
LCS_GDT     T   271_A     T       2     11   37   46      8   11   14   22   31   36   38   41   43   45   46   46   46   46   46   46   46   46   46   46 
LCS_GDT     L   272_A     L       3     11   37   46      8   11   14   23   34   36   38   41   43   45   46   46   46   46   46   46   46   46   46   46 
LCS_GDT     S   273_A     S       4     11   37   46      8   11   14   22   34   36   38   41   43   45   46   46   46   46   46   46   46   46   46   46 
LCS_GDT     D   274_A     D       5     11   37   46      8   11   14   27   34   36   38   41   43   45   46   46   46   46   46   46   46   46   46   46 
LCS_GDT     H   275_A     H       6     11   37   46      8   11   20   29   34   36   38   41   43   45   46   46   46   46   46   46   46   46   46   46 
LCS_GDT     A   276_A     A       7     11   37   46      8   12   20   29   34   36   38   41   43   45   46   46   46   46   46   46   46   46   46   46 
LCS_GDT     A   277_A     A       8     11   37   46      8   11   15   29   34   36   38   41   43   45   46   46   46   46   46   46   46   46   46   46 
LCS_GDT     A   278_A     A       9     11   37   46      6   11   18   29   34   36   38   41   43   45   46   46   46   46   46   46   46   46   46   46 
LCS_GDT     A   279_A     A      10     11   37   46      3   11   16   28   34   36   38   41   43   45   46   46   46   46   46   46   46   46   46   46 
LCS_GDT     D   280_A     D      11     11   37   46      3    5   20   29   34   36   38   41   43   45   46   46   46   46   46   46   46   46   46   46 
LCS_GDT     F   281_A     F      12      6   37   46      3    9   15   29   34   36   38   41   43   45   46   46   46   46   46   46   46   46   46   46 
LCS_GDT     V   282_A     V      13      9   37   46      3   11   20   29   34   36   38   41   43   45   46   46   46   46   46   46   46   46   46   46 
LCS_GDT     P   283_A     P      14     11   37   46      4    9   19   29   34   36   38   41   43   45   46   46   46   46   46   46   46   46   46   46 
LCS_GDT     L   284_A     L      15     11   37   46      4    9   19   29   34   36   38   41   43   45   46   46   46   46   46   46   46   46   46   46 
LCS_GDT     A   285_A     A      16     11   37   46      4    7   17   29   34   36   38   41   43   45   46   46   46   46   46   46   46   46   46   46 
LCS_GDT     S   286_A     S      17     19   37   46      4   10   20   29   34   36   38   41   43   45   46   46   46   46   46   46   46   46   46   46 
LCS_GDT     R   287_A     R      18     19   37   46      9   16   20   29   34   36   38   41   43   45   46   46   46   46   46   46   46   46   46   46 
LCS_GDT     F   288_A     F      19     19   37   46     10   17   20   29   34   36   38   41   43   45   46   46   46   46   46   46   46   46   46   46 
LCS_GDT     L   289_A     L      20     19   37   46     10   17   20   29   34   36   38   41   43   45   46   46   46   46   46   46   46   46   46   46 
LCS_GDT     S   290_A     S      21     19   37   46     10   17   20   29   34   36   38   41   43   45   46   46   46   46   46   46   46   46   46   46 
LCS_GDT     E   291_A     E      22     19   37   46     10   17   20   29   34   36   38   41   43   45   46   46   46   46   46   46   46   46   46   46 
LCS_GDT     A   292_A     A      23     19   37   46      9   17   20   29   34   36   38   41   43   45   46   46   46   46   46   46   46   46   46   46 
LCS_GDT     N   293_A     N      24     19   37   46      8   17   20   29   34   36   38   41   43   45   46   46   46   46   46   46   46   46   46   46 
LCS_GDT     K   294_A     K      25     19   37   46      8   17   20   29   34   36   38   41   43   45   46   46   46   46   46   46   46   46   46   46 
LCS_GDT     T   295_A     T      26     19   37   46      8   17   20   29   34   36   38   41   43   45   46   46   46   46   46   46   46   46   46   46 
LCS_GDT     L   296_A     L      27     19   37   46      8   17   20   29   34   36   38   41   43   45   46   46   46   46   46   46   46   46   46   46 
LCS_GDT     L   297_A     L      28     19   37   46      9   17   20   29   34   36   38   41   43   45   46   46   46   46   46   46   46   46   46   46 
LCS_GDT     V   298_A     V      29     19   37   46     10   17   20   29   34   36   38   41   43   45   46   46   46   46   46   46   46   46   46   46 
LCS_GDT     K   299_A     K      30     19   37   46     10   17   20   29   34   36   38   41   43   45   46   46   46   46   46   46   46   46   46   46 
LCS_GDT     A   300_A     A      31     19   37   46     10   17   20   29   34   36   38   41   43   45   46   46   46   46   46   46   46   46   46   46 
LCS_GDT     I   301_A     I      32     19   37   46     10   17   20   29   34   36   38   41   43   45   46   46   46   46   46   46   46   46   46   46 
LCS_GDT     G   302_A     G      33     19   37   46     10   17   20   26   34   36   38   41   43   45   46   46   46   46   46   46   46   46   46   46 
LCS_GDT     N   303_A     N      34     19   37   46     10   17   20   29   34   36   38   41   43   45   46   46   46   46   46   46   46   46   46   46 
LCS_GDT     L   304_A     L      35     19   37   46      8   17   20   29   34   36   38   41   43   45   46   46   46   46   46   46   46   46   46   46 
LCS_GDT     P   305_A     P      36     19   37   46      3    5    5   14   24   33   37   41   43   45   46   46   46   46   46   46   46   46   46   46 
LCS_GDT     Q   306_A     Q      37      5   37   46      4   11   15   29   34   36   38   41   43   45   46   46   46   46   46   46   46   46   46   46 
LCS_GDT     K   307_A     K      38      5   34   46      4    5    5    6   17   24   30   41   43   45   46   46   46   46   46   46   46   46   46   46 
LCS_GDT     L   308_A     L      39      5   22   46      4    5    7   14   24   33   38   41   43   45   46   46   46   46   46   46   46   46   46   46 
LCS_GDT     Q   309_A     Q      40      5    5   46      4    5    5    6    6    7   12   17   23   36   46   46   46   46   46   46   46   46   46   46 
LCS_GDT     A   310_A     A      41      3    6   46      3    5   11   21   29   36   38   41   43   45   46   46   46   46   46   46   46   46   46   46 
LCS_GDT     K   311_A     K      42      5    6   46      4    5    5   16   16   25   37   41   43   45   46   46   46   46   46   46   46   46   46   46 
LCS_GDT     I   312_A     I      43      5    6   46      4    5    5   16   16   24   30   38   43   45   46   46   46   46   46   46   46   46   46   46 
LCS_GDT     I   313_A     I      44      5    6   46      4    5    5   12   15   24   32   38   43   45   46   46   46   46   46   46   46   46   46   46 
LCS_GDT     L   314_A     L      45      5    6   46      4    5    5   12   17   25   32   38   42   45   46   46   46   46   46   46   46   46   46   46 
LCS_GDT     I   315_A     I      46      5    6   46      4    6    9   21   27   33   37   41   43   45   46   46   46   46   46   46   46   46   46   46 
LCS_AVERAGE  LCS_A:  65.83  (  28.21   69.28  100.00 )

GLOBAL_DISTANCE_TEST (summary information about detected largest sets of residues (represented by selected AToms) that can fit under specified thresholds)
GDT DIST_CUTOFF  0.50   1.00   1.50   2.00   2.50   3.00   3.50   4.00   4.50   5.00   5.50   6.00   6.50   7.00   7.50   8.00   8.50   9.00   9.50  10.00
GDT NUMBER_AT     10     17     20     29     34     36     38     41     43     45     46     46     46     46     46     46     46     46     46     46 
GDT PERCENT_AT  21.74  36.96  43.48  63.04  73.91  78.26  82.61  89.13  93.48  97.83 100.00 100.00 100.00 100.00 100.00 100.00 100.00 100.00 100.00 100.00
GDT RMS_LOCAL    0.36   0.60   0.87   1.57   1.72   1.83   1.98   2.30   2.51   2.68   2.82   2.82   2.82   2.82   2.82   2.82   2.82   2.82   2.82   2.82
GDT RMS_ALL_AT   3.94   4.37   3.76   3.09   3.08   3.03   2.98   2.89   2.84   2.83   2.82   2.82   2.82   2.82   2.82   2.82   2.82   2.82   2.82   2.82

# Checking swapping
#   possible swapping detected:  F   288_A      F      19
#   possible swapping detected:  E   291_A      E      22

#      Molecule1      Molecule2  DISTANCE  RMSD(lw:1)  Mis    MC     All   Dist_max   GDC_mc  GDC_all
LGA    N   270_A      N       1     3.172      -        0     -       -       4.938   53.571   43.988
LGA    T   271_A      T       2     2.233     0.043     0    0.126   1.033    2.722   66.905   66.054
LGA    L   272_A      L       3     2.010     0.080     0    0.096   1.085    5.195   68.810   56.607
LGA    S   273_A      S       4     2.195     0.089     0    0.116   1.004    2.949   66.786   63.571
LGA    D   274_A      D       5     1.976     0.026     0    0.158   0.560    2.885   70.833   67.857
LGA    H   275_A      H       6     0.895     0.112     0    0.160   0.416    2.606   88.214   77.571
LGA    A   276_A      A       7     0.484     0.106     0    0.172   0.357    1.362   88.333   90.667
LGA    A   277_A      A       8     1.860     0.102     0    0.252   0.293    2.321   70.952   69.714
LGA    A   278_A      A       9     2.529     0.229     0    0.415   0.621    2.924   60.952   61.714
LGA    A   279_A      A      10     2.399     0.136     0    0.967   1.943    3.220   70.952   66.762
LGA    D   280_A      D      11     2.944     0.674     0    1.515   2.623    7.649   48.929   33.810
LGA    F   281_A      F      12     1.488     0.348     0    0.751   2.662    7.900   88.333   49.957
LGA    V   282_A      V      13     1.237     0.409     0    0.578   1.961    4.524   88.214   75.782
LGA    P   283_A      P      14     0.834     0.239     0    0.384   1.132    1.566   88.214   84.082
LGA    L   284_A      L      15     0.370     0.067     0    0.370   1.158    3.339   92.857   82.381
LGA    A   285_A      A      16     1.286     0.482     0    0.629   1.242    2.187   79.524   79.905
LGA    S   286_A      S      17     1.504     0.204     0    0.349   1.983    2.944   75.000   71.667
LGA    R   287_A      R      18     3.177     0.157     0    0.284   1.634    9.954   50.119   30.216
LGA    F   288_A      F      19     3.498     0.163     0    0.292   1.865    3.711   51.786   54.026
LGA    L   289_A      L      20     3.090     0.131     0    0.261   1.147    5.537   50.000   46.488
LGA    S   290_A      S      21     2.865     0.033     0    0.156   1.540    2.932   60.952   62.302
LGA    E   291_A      E      22     2.126     0.160     0    0.226   1.230    3.020   68.810   64.974
LGA    A   292_A      A      23     0.768     0.118     0    0.148   1.332    1.334   85.952   85.048
LGA    N   293_A      N      24     1.749     0.043     0    0.104   1.604    2.867   79.286   73.214
LGA    K   294_A      K      25     2.001     0.082     0    0.135   1.820    4.160   70.833   62.804
LGA    T   295_A      T      26     2.065     0.039     0    0.083   1.764    2.907   70.952   67.211
LGA    L   296_A      L      27     1.925     0.080     0    0.130   0.990    3.882   75.000   62.679
LGA    L   297_A      L      28     0.842     0.218     0    0.209   0.816    3.029   85.952   77.619
LGA    V   298_A      V      29     1.783     0.071     0    0.097   1.181    2.828   72.976   70.680
LGA    K   299_A      K      30     2.269     0.033     0    0.072   1.070    5.968   64.881   53.069
LGA    A   300_A      A      31     1.690     0.027     0    0.076   1.254    1.807   72.857   74.571
LGA    I   301_A      I      32     1.756     0.040     0    0.253   1.013    3.822   68.810   65.179
LGA    G   302_A      G      33     3.045     0.109     0    0.405   1.264    4.054   50.476   50.476
LGA    N   303_A      N      34     2.657     0.082     0    0.601   1.536    5.110   55.357   49.762
LGA    L   304_A      L      35     1.582     0.415     0    1.433   2.060    3.421   63.214   68.214
LGA    P   305_A      P      36     4.353     0.415     0    1.410   2.086    6.686   52.500   38.095
LGA    Q   306_A      Q      37     0.935     0.190     0    0.675   1.572    7.396   67.500   49.418
LGA    K   307_A      K      38     4.758     0.022     0    0.240   1.569   11.938   35.000   19.048
LGA    L   308_A      L      39     3.464     0.111     0    0.735   1.948    6.721   36.667   54.940
LGA    Q   309_A      Q      40     6.637     0.168     0    1.332   2.087   11.415   17.738    8.730
LGA    A   310_A      A      41     3.038     0.630     0    1.674   2.778    4.377   48.810   47.714
LGA    K   311_A      K      42     4.250     0.747     0    1.658   2.423    8.448   44.048   25.397
LGA    I   312_A      I      43     4.645     0.032     0    0.639   1.945    7.002   32.857   25.893
LGA    I   313_A      I      44     4.852     0.111     0    0.419   1.478    5.668   31.429   33.988
LGA    L   314_A      L      45     5.085     0.120     0    0.537   1.377    8.898   31.667   24.464
LGA    I   315_A      I      46     3.852      -        1     -       -       6.459   37.500   33.069

# RMSD_GDC results:       CA      MC common percent     ALL common percent   GDC_mc  GDC_all
NUMBER_OF_ATOMS_AA:       46     184    184  100.00     347    346   99.71                46
SUMMARY(RMSD_GDC):     2.822          2.819                  3.770           63.072   56.986

#CA            N1   N2   DIST      N    RMSD    GDT_TS    LGA_S3     LGA_Q 
SUMMARY(GDT)   94   46    5.0     45    2.68    72.283    75.511     1.619

LGA_LOCAL      RMSD:   2.680  Number of atoms:   45  under DIST:   5.00
LGA_ASGN_ATOMS RMSD:   2.826  Number of assigned atoms:   46 
Std_ASGN_ATOMS RMSD:   2.822  Standard rmsd on all 46 assigned CA atoms 

Unitary ROTATION matrix and the SHIFT vector superimpose molecules  (1=>2)
  X_new =  -0.919260 * X  +   0.382557 * Y  +   0.092800 * Z  + -47.034607
  Y_new =  -0.158084 * X  +  -0.142858 * Y  +  -0.977037 * Z  + -10.643746
  Z_new =  -0.360515 * X  +  -0.912821 * Y  +   0.191799 * Z  +  19.512491 

Euler angles from the ROTATION matrix. Conventions XYZ and ZXZ:
           Phi     Theta       Psi   [DEG:       Phi     Theta       Psi ]
XYZ: -2.971290  0.368820 -1.363692   [DEG: -170.2424   21.1318  -78.1338 ]
ZXZ:  0.094697  1.377801 -2.765451   [DEG:    5.4257   78.9422 -158.4487 ]
 
# END of job
