
#######################################################
#                                                     #
#                        LGA                          #
#                  ---------------                    #
#                                                     #
#               Local-Global Alignment                #
#        A Method for Finding 3-D Similarities        #
#               in Protein Structures                 #
#                                                     #
#                  ------------ 04/2019               #
#                                                     #
#      Adam Zemla (zemla1@llnl.gov)                   #
#      Lawrence Livermore National Laboratory, CA     #
#                                                     #
#######################################################

# Molecule1: number of CA atoms  440 ( 3382),  selected   94 , name 5j4a
# Molecule2: number of CA atoms   46 (  347),  selected   46 , name T0868_3
# PARAMETERS: 5j4a_T0868_3  -3  -o2  -gdc  -lga_m  -stral  -aa1:270_A:315_A  -aa2:1:46  
# FIXED Atom-Atom correspondence
# GDT and LCS analysis 

LCS - RMSD CUTOFF   5.00      length       segment         l_RMS    g_RMS
  LONGEST_CONTINUOUS_SEGMENT:    46         1 - 46          2.76     2.76
  LCS_AVERAGE:    100.00

LCS - RMSD CUTOFF   2.00      length       segment         l_RMS    g_RMS
  LONGEST_CONTINUOUS_SEGMENT:    37         1 - 37          1.78     3.03
  LCS_AVERAGE:     68.53

LCS - RMSD CUTOFF   1.00      length       segment         l_RMS    g_RMS
  LONGEST_CONTINUOUS_SEGMENT:    19        17 - 35          0.88     3.79
  LONGEST_CONTINUOUS_SEGMENT:    19        18 - 36          0.85     4.05
  LCS_AVERAGE:     27.46

LCS_GDT    MOLECULE-1    MOLECULE-2     LCS_DETAILS     GDT_DETAILS                                                    TOTAL NUMBER OF RESIDUE PAIRS:   46
LCS_GDT     RESIDUE       RESIDUE       SEGMENT_SIZE    GLOBAL DISTANCE TEST COLUMNS: number of residues under the threshold assigned to each residue pair
LCS_GDT   NAME NUMBER   NAME NUMBER    1.0  2.0  5.0    0.5  1.0  1.5  2.0  2.5  3.0  3.5  4.0  4.5  5.0  5.5  6.0  6.5  7.0  7.5  8.0  8.5  9.0  9.5 10.0
LCS_GDT     N   270_A     N       1     10   37   46     10   10   15   26   33   36   38   42   44   45   46   46   46   46   46   46   46   46   46   46 
LCS_GDT     T   271_A     T       2     10   37   46     10   10   17   28   33   36   38   42   44   45   46   46   46   46   46   46   46   46   46   46 
LCS_GDT     L   272_A     L       3     10   37   46     10   10   19   31   33   36   38   42   44   45   46   46   46   46   46   46   46   46   46   46 
LCS_GDT     S   273_A     S       4     10   37   46     10   10   17   31   33   36   38   42   44   45   46   46   46   46   46   46   46   46   46   46 
LCS_GDT     D   274_A     D       5     10   37   46     10   10   19   31   33   36   38   42   44   45   46   46   46   46   46   46   46   46   46   46 
LCS_GDT     H   275_A     H       6     10   37   46     10   10   22   31   33   36   38   42   44   45   46   46   46   46   46   46   46   46   46   46 
LCS_GDT     A   276_A     A       7     10   37   46     10   10   22   31   33   36   38   42   44   45   46   46   46   46   46   46   46   46   46   46 
LCS_GDT     A   277_A     A       8     10   37   46     10   10   21   31   33   36   38   42   44   45   46   46   46   46   46   46   46   46   46   46 
LCS_GDT     A   278_A     A       9     10   37   46     10   10   22   31   33   36   38   42   44   45   46   46   46   46   46   46   46   46   46   46 
LCS_GDT     A   279_A     A      10     10   37   46      3    8   11   19   32   36   38   42   44   45   46   46   46   46   46   46   46   46   46   46 
LCS_GDT     D   280_A     D      11      5   37   46      3    4    6   21   31   36   38   38   44   45   46   46   46   46   46   46   46   46   46   46 
LCS_GDT     F   281_A     F      12      6   37   46      5   10   22   31   33   36   38   42   44   45   46   46   46   46   46   46   46   46   46   46 
LCS_GDT     V   282_A     V      13      9   37   46      5   12   22   31   33   36   38   42   44   45   46   46   46   46   46   46   46   46   46   46 
LCS_GDT     P   283_A     P      14     11   37   46      5   12   22   31   33   36   38   42   44   45   46   46   46   46   46   46   46   46   46   46 
LCS_GDT     L   284_A     L      15     11   37   46      4    9   19   31   33   36   38   42   44   45   46   46   46   46   46   46   46   46   46   46 
LCS_GDT     A   285_A     A      16     11   37   46      4   10   20   31   33   36   38   42   44   45   46   46   46   46   46   46   46   46   46   46 
LCS_GDT     S   286_A     S      17     19   37   46      5   10   22   31   33   36   38   42   44   45   46   46   46   46   46   46   46   46   46   46 
LCS_GDT     R   287_A     R      18     19   37   46      4   18   22   31   33   36   38   42   44   45   46   46   46   46   46   46   46   46   46   46 
LCS_GDT     F   288_A     F      19     19   37   46      7   18   22   31   33   36   38   42   44   45   46   46   46   46   46   46   46   46   46   46 
LCS_GDT     L   289_A     L      20     19   37   46      4   18   22   31   33   36   38   42   44   45   46   46   46   46   46   46   46   46   46   46 
LCS_GDT     S   290_A     S      21     19   37   46     13   18   22   31   33   36   38   42   44   45   46   46   46   46   46   46   46   46   46   46 
LCS_GDT     E   291_A     E      22     19   37   46     13   18   22   31   33   36   38   42   44   45   46   46   46   46   46   46   46   46   46   46 
LCS_GDT     A   292_A     A      23     19   37   46     13   18   22   31   33   36   38   42   44   45   46   46   46   46   46   46   46   46   46   46 
LCS_GDT     N   293_A     N      24     19   37   46     13   18   22   31   33   36   38   42   44   45   46   46   46   46   46   46   46   46   46   46 
LCS_GDT     K   294_A     K      25     19   37   46     13   18   22   31   33   36   38   42   44   45   46   46   46   46   46   46   46   46   46   46 
LCS_GDT     T   295_A     T      26     19   37   46     13   18   22   31   33   36   38   42   44   45   46   46   46   46   46   46   46   46   46   46 
LCS_GDT     L   296_A     L      27     19   37   46     12   18   22   31   33   36   38   42   44   45   46   46   46   46   46   46   46   46   46   46 
LCS_GDT     L   297_A     L      28     19   37   46     13   18   22   31   33   36   38   42   44   45   46   46   46   46   46   46   46   46   46   46 
LCS_GDT     V   298_A     V      29     19   37   46     13   18   22   31   33   36   38   42   44   45   46   46   46   46   46   46   46   46   46   46 
LCS_GDT     K   299_A     K      30     19   37   46     13   18   22   31   33   36   38   42   44   45   46   46   46   46   46   46   46   46   46   46 
LCS_GDT     A   300_A     A      31     19   37   46     13   18   22   31   33   36   38   42   44   45   46   46   46   46   46   46   46   46   46   46 
LCS_GDT     I   301_A     I      32     19   37   46     13   18   22   31   33   36   38   42   44   45   46   46   46   46   46   46   46   46   46   46 
LCS_GDT     G   302_A     G      33     19   37   46     13   18   22   31   33   36   38   42   44   45   46   46   46   46   46   46   46   46   46   46 
LCS_GDT     N   303_A     N      34     19   37   46     13   18   22   31   33   36   38   42   44   45   46   46   46   46   46   46   46   46   46   46 
LCS_GDT     L   304_A     L      35     19   37   46     13   18   22   31   33   36   38   42   44   45   46   46   46   46   46   46   46   46   46   46 
LCS_GDT     P   305_A     P      36     19   37   46      4    5    5   12   32   36   38   40   44   45   46   46   46   46   46   46   46   46   46   46 
LCS_GDT     Q   306_A     Q      37      5   37   46     10   10   19   30   33   36   38   42   44   45   46   46   46   46   46   46   46   46   46   46 
LCS_GDT     K   307_A     K      38      5   35   46      4    5    5    5   15   20   30   37   40   45   46   46   46   46   46   46   46   46   46   46 
LCS_GDT     L   308_A     L      39      5    5   46      4    5    5    9   13   22   35   42   44   45   46   46   46   46   46   46   46   46   46   46 
LCS_GDT     Q   309_A     Q      40      5    5   46      4    5    5    5    5    7    9   15   24   35   46   46   46   46   46   46   46   46   46   46 
LCS_GDT     A   310_A     A      41      3    6   46      3    5   11   20   31   36   38   42   44   45   46   46   46   46   46   46   46   46   46   46 
LCS_GDT     K   311_A     K      42      5    6   46      5    5    5   13   16   27   38   42   44   45   46   46   46   46   46   46   46   46   46   46 
LCS_GDT     I   312_A     I      43      5    6   46      5    5    8   13   19   27   38   42   44   45   46   46   46   46   46   46   46   46   46   46 
LCS_GDT     I   313_A     I      44      5    6   46      5    5    5   12   23   27   38   42   44   45   46   46   46   46   46   46   46   46   46   46 
LCS_GDT     L   314_A     L      45      5    6   46      5    5    5   12   23   31   38   42   44   45   46   46   46   46   46   46   46   46   46   46 
LCS_GDT     I   315_A     I      46      5    6   46      5    5    6   18   25   31   37   42   44   45   46   46   46   46   46   46   46   46   46   46 
LCS_AVERAGE  LCS_A:  65.33  (  27.46   68.53  100.00 )

GLOBAL_DISTANCE_TEST (summary information about detected largest sets of residues (represented by selected AToms) that can fit under specified thresholds)
GDT DIST_CUTOFF  0.50   1.00   1.50   2.00   2.50   3.00   3.50   4.00   4.50   5.00   5.50   6.00   6.50   7.00   7.50   8.00   8.50   9.00   9.50  10.00
GDT NUMBER_AT     13     18     22     31     33     36     38     42     44     45     46     46     46     46     46     46     46     46     46     46 
GDT PERCENT_AT  28.26  39.13  47.83  67.39  71.74  78.26  82.61  91.30  95.65  97.83 100.00 100.00 100.00 100.00 100.00 100.00 100.00 100.00 100.00 100.00
GDT RMS_LOCAL    0.33   0.62   0.99   1.40   1.50   1.68   1.84   2.39   2.50   2.61   2.76   2.76   2.76   2.76   2.76   2.76   2.76   2.76   2.76   2.76
GDT RMS_ALL_AT   4.88   4.09   3.39   3.12   3.02   3.09   2.98   2.77   2.77   2.76   2.76   2.76   2.76   2.76   2.76   2.76   2.76   2.76   2.76   2.76

# Checking swapping
#   possible swapping detected:  E   291_A      E      22

#      Molecule1      Molecule2  DISTANCE  RMSD(lw:1)  Mis    MC     All   Dist_max   GDC_mc  GDC_all
LGA    N   270_A      N       1     2.478      -        0     -       -       4.672   62.857   55.952
LGA    T   271_A      T       2     1.789     0.033     0    0.187   1.616    4.073   72.976   66.667
LGA    L   272_A      L       3     1.732     0.102     0    0.120   1.334    4.872   75.000   62.202
LGA    S   273_A      S       4     1.849     0.084     0    0.117   1.018    2.631   72.857   68.889
LGA    D   274_A      D       5     1.596     0.017     0    0.163   1.022    2.390   77.143   73.988
LGA    H   275_A      H       6     0.531     0.164     0    0.169   0.877    4.189   92.857   73.619
LGA    A   276_A      A       7     0.550     0.042     0    0.164   0.921    1.325   90.595   90.571
LGA    A   277_A      A       8     1.631     0.229     0    0.297   0.359    1.871   75.000   74.571
LGA    A   278_A      A       9     1.363     0.435     0    0.971   1.310    1.458   81.429   81.429
LGA    A   279_A      A      10     2.747     0.908     0    1.600   2.290    4.977   73.214   64.857
LGA    D   280_A      D      11     4.242     0.396     0    1.695   2.667    8.504   40.476   24.762
LGA    F   281_A      F      12     1.575     0.407     0    0.774   2.438    5.948   75.119   57.706
LGA    V   282_A      V      13     1.259     0.354     0    0.439   1.757    1.906   81.429   77.755
LGA    P   283_A      P      14     1.108     0.221     0    0.328   0.537    2.672   85.952   79.320
LGA    L   284_A      L      15     0.681     0.067     0    0.416   0.440    1.883   90.476   84.881
LGA    A   285_A      A      16     1.452     0.418     0    0.555   0.769    2.483   75.119   74.667
LGA    S   286_A      S      17     1.418     0.144     0    0.305   0.855    3.028   77.143   71.905
LGA    R   287_A      R      18     2.945     0.132     0    0.277   2.387    8.720   55.476   34.545
LGA    F   288_A      F      19     3.233     0.193     0    0.359   2.528    5.075   55.357   50.779
LGA    L   289_A      L      20     2.826     0.200     0    0.256   2.125    6.194   57.143   47.857
LGA    S   290_A      S      21     2.026     0.022     0    0.167   1.711    2.658   68.810   67.540
LGA    E   291_A      E      22     1.624     0.191     0    0.213   1.404    3.175   75.000   70.370
LGA    A   292_A      A      23     0.862     0.063     0    0.160   1.466    1.421   88.214   86.857
LGA    N   293_A      N      24     1.265     0.028     0    0.126   1.379    4.215   83.690   68.988
LGA    K   294_A      K      25     1.959     0.132     0    0.172   1.436    8.120   75.000   48.042
LGA    T   295_A      T      26     2.042     0.034     0    0.107   1.166    4.377   68.810   64.286
LGA    L   296_A      L      27     1.761     0.045     0    0.098   1.075    3.496   75.000   65.238
LGA    L   297_A      L      28     1.005     0.209     0    0.204   0.943    5.070   83.690   66.726
LGA    V   298_A      V      29     1.790     0.042     0    0.084   0.956    2.953   72.976   70.680
LGA    K   299_A      K      30     2.360     0.025     0    0.058   0.720    7.063   64.881   45.238
LGA    A   300_A      A      31     1.595     0.021     0    0.072   1.178    1.753   72.857   74.571
LGA    I   301_A      I      32     1.681     0.036     0    0.239   0.849    2.951   70.952   69.048
LGA    G   302_A      G      33     3.070     0.057     0    0.399   0.809    4.101   50.476   50.476
LGA    N   303_A      N      34     2.699     0.057     0    0.602   0.865    3.495   55.357   55.357
LGA    L   304_A      L      35     1.387     0.467     0    1.470   1.950    3.405   67.262   67.262
LGA    P   305_A      P      36     4.141     0.497     0    1.448   2.081    6.677   52.500   38.095
LGA    Q   306_A      Q      37     1.033     0.131     0    0.683   1.635    5.940   63.690   49.577
LGA    K   307_A      K      38     5.287     0.089     0    0.740   1.799    8.141   28.571   19.630
LGA    L   308_A      L      39     4.486     0.169     0    1.164   2.663    4.983   37.500   39.821
LGA    Q   309_A      Q      40     6.754     0.303     0    1.291   1.857   12.434   15.833    7.725
LGA    A   310_A      A      41     2.863     0.867     0    2.000   2.504    4.316   50.595   49.143
LGA    K   311_A      K      42     4.199     0.767     0    1.638   2.118   10.590   45.595   24.444
LGA    I   312_A      I      43     4.175     0.029     0    0.666   2.203    4.405   37.143   38.750
LGA    I   313_A      I      44     4.483     0.085     0    0.215   1.507    7.776   37.143   32.321
LGA    L   314_A      L      45     4.099     0.212     0    0.424   1.706    6.657   37.143   31.726
LGA    I   315_A      I      46     4.388      -        1     -       -       9.669   38.929   23.598

# RMSD_GDC results:       CA      MC common percent     ALL common percent   GDC_mc  GDC_all
NUMBER_OF_ATOMS_AA:       46     184    184  100.00     347    346   99.71                46
SUMMARY(RMSD_GDC):     2.759          2.702                  3.794           64.896   57.444

#CA            N1   N2   DIST      N    RMSD    GDT_TS    LGA_S3     LGA_Q 
SUMMARY(GDT)   94   46    5.0     45    2.61    74.457    76.199     1.663

LGA_LOCAL      RMSD:   2.606  Number of atoms:   45  under DIST:   5.00
LGA_ASGN_ATOMS RMSD:   2.763  Number of assigned atoms:   46 
Std_ASGN_ATOMS RMSD:   2.759  Standard rmsd on all 46 assigned CA atoms 

Unitary ROTATION matrix and the SHIFT vector superimpose molecules  (1=>2)
  X_new =  -0.392430 * X  +  -0.862221 * Y  +  -0.320271 * Z  + -18.225742
  Y_new =   0.916994 * X  +  -0.393845 * Y  +  -0.063305 * Z  +  34.462280
  Z_new =  -0.071554 * X  +  -0.318529 * Y  +   0.945209 * Z  +  35.366795 

Euler angles from the ROTATION matrix. Conventions XYZ and ZXZ:
           Phi     Theta       Psi   [DEG:       Phi     Theta       Psi ]
XYZ:  1.975165  0.071615 -0.325041   [DEG:  113.1686    4.1032  -18.6235 ]
ZXZ: -1.375651  0.332564 -2.920622   [DEG:  -78.8190   19.0545 -167.3393 ]
 
# END of job
