
#######################################################
#                                                     #
#                        LGA                          #
#                  ---------------                    #
#                                                     #
#               Local-Global Alignment                #
#        A Method for Finding 3-D Similarities        #
#               in Protein Structures                 #
#                                                     #
#                  ------------ 04/2019               #
#                                                     #
#      Adam Zemla (zemla1@llnl.gov)                   #
#      Lawrence Livermore National Laboratory, CA     #
#                                                     #
#######################################################

# Molecule1: number of CA atoms  440 ( 3382),  selected   94 , name 5j4a
# Molecule2: number of CA atoms   46 (  347),  selected   46 , name T0868_1
# PARAMETERS: 5j4a_T0868_1  -3  -o2  -gdc  -lga_m  -stral  -aa1:270_A:315_A  -aa2:1:46  
# FIXED Atom-Atom correspondence
# GDT and LCS analysis 

LCS - RMSD CUTOFF   5.00      length       segment         l_RMS    g_RMS
  LONGEST_CONTINUOUS_SEGMENT:    46         1 - 46          2.78     2.78
  LCS_AVERAGE:    100.00

LCS - RMSD CUTOFF   2.00      length       segment         l_RMS    g_RMS
  LONGEST_CONTINUOUS_SEGMENT:    37         1 - 37          1.80     3.05
  LCS_AVERAGE:     68.53

LCS - RMSD CUTOFF   1.00      length       segment         l_RMS    g_RMS
  LONGEST_CONTINUOUS_SEGMENT:    20        17 - 36          0.94     3.78
  LCS_AVERAGE:     29.40

LCS_GDT    MOLECULE-1    MOLECULE-2     LCS_DETAILS     GDT_DETAILS                                                    TOTAL NUMBER OF RESIDUE PAIRS:   46
LCS_GDT     RESIDUE       RESIDUE       SEGMENT_SIZE    GLOBAL DISTANCE TEST COLUMNS: number of residues under the threshold assigned to each residue pair
LCS_GDT   NAME NUMBER   NAME NUMBER    1.0  2.0  5.0    0.5  1.0  1.5  2.0  2.5  3.0  3.5  4.0  4.5  5.0  5.5  6.0  6.5  7.0  7.5  8.0  8.5  9.0  9.5 10.0
LCS_GDT     N   270_A     N       1     10   37   46      8   10   13   23   27   35   37   40   44   44   45   46   46   46   46   46   46   46   46   46 
LCS_GDT     T   271_A     T       2     10   37   46      8   10   18   26   33   36   37   40   44   44   45   46   46   46   46   46   46   46   46   46 
LCS_GDT     L   272_A     L       3     10   37   46      8   10   18   31   33   36   37   40   44   44   45   46   46   46   46   46   46   46   46   46 
LCS_GDT     S   273_A     S       4     10   37   46      8   10   18   31   33   36   37   40   44   44   45   46   46   46   46   46   46   46   46   46 
LCS_GDT     D   274_A     D       5     10   37   46      8   10   18   31   33   36   37   40   44   44   45   46   46   46   46   46   46   46   46   46 
LCS_GDT     H   275_A     H       6     10   37   46      8   13   22   31   33   36   37   40   44   44   45   46   46   46   46   46   46   46   46   46 
LCS_GDT     A   276_A     A       7     10   37   46      8   11   22   31   33   36   37   40   44   44   45   46   46   46   46   46   46   46   46   46 
LCS_GDT     A   277_A     A       8     10   37   46      8   11   20   31   33   36   37   40   44   44   45   46   46   46   46   46   46   46   46   46 
LCS_GDT     A   278_A     A       9     10   37   46      5   10   22   31   33   36   37   40   44   44   45   46   46   46   46   46   46   46   46   46 
LCS_GDT     A   279_A     A      10     10   37   46      0    6   11   18   30   36   37   40   44   44   45   46   46   46   46   46   46   46   46   46 
LCS_GDT     D   280_A     D      11      6   37   46      3    5   10   23   32   36   37   39   44   44   45   46   46   46   46   46   46   46   46   46 
LCS_GDT     F   281_A     F      12      6   37   46      4   11   22   31   33   36   37   40   44   44   45   46   46   46   46   46   46   46   46   46 
LCS_GDT     V   282_A     V      13     13   37   46      6   18   22   31   33   36   37   40   44   44   45   46   46   46   46   46   46   46   46   46 
LCS_GDT     P   283_A     P      14     15   37   46      3   15   22   31   33   36   37   40   44   44   45   46   46   46   46   46   46   46   46   46 
LCS_GDT     L   284_A     L      15     15   37   46      3   10   21   31   33   36   37   40   44   44   45   46   46   46   46   46   46   46   46   46 
LCS_GDT     A   285_A     A      16     19   37   46      4    7   19   31   33   36   37   40   44   44   45   46   46   46   46   46   46   46   46   46 
LCS_GDT     S   286_A     S      17     20   37   46      4    7   21   31   33   36   37   40   44   44   45   46   46   46   46   46   46   46   46   46 
LCS_GDT     R   287_A     R      18     20   37   46      9   18   22   31   33   36   37   40   44   44   45   46   46   46   46   46   46   46   46   46 
LCS_GDT     F   288_A     F      19     20   37   46     10   18   22   31   33   36   37   40   44   44   45   46   46   46   46   46   46   46   46   46 
LCS_GDT     L   289_A     L      20     20   37   46     15   18   22   31   33   36   37   40   44   44   45   46   46   46   46   46   46   46   46   46 
LCS_GDT     S   290_A     S      21     20   37   46     15   18   22   31   33   36   37   40   44   44   45   46   46   46   46   46   46   46   46   46 
LCS_GDT     E   291_A     E      22     20   37   46     15   18   22   31   33   36   37   40   44   44   45   46   46   46   46   46   46   46   46   46 
LCS_GDT     A   292_A     A      23     20   37   46     15   18   22   31   33   36   37   40   44   44   45   46   46   46   46   46   46   46   46   46 
LCS_GDT     N   293_A     N      24     20   37   46     15   18   22   31   33   36   37   40   44   44   45   46   46   46   46   46   46   46   46   46 
LCS_GDT     K   294_A     K      25     20   37   46     15   18   22   31   33   36   37   40   44   44   45   46   46   46   46   46   46   46   46   46 
LCS_GDT     T   295_A     T      26     20   37   46     15   18   22   31   33   36   37   40   44   44   45   46   46   46   46   46   46   46   46   46 
LCS_GDT     L   296_A     L      27     20   37   46     15   18   22   31   33   36   37   40   44   44   45   46   46   46   46   46   46   46   46   46 
LCS_GDT     L   297_A     L      28     20   37   46     15   18   22   31   33   36   37   40   44   44   45   46   46   46   46   46   46   46   46   46 
LCS_GDT     V   298_A     V      29     20   37   46     15   18   22   31   33   36   37   40   44   44   45   46   46   46   46   46   46   46   46   46 
LCS_GDT     K   299_A     K      30     20   37   46     15   18   22   31   33   36   37   40   44   44   45   46   46   46   46   46   46   46   46   46 
LCS_GDT     A   300_A     A      31     20   37   46     15   18   22   31   33   36   37   40   44   44   45   46   46   46   46   46   46   46   46   46 
LCS_GDT     I   301_A     I      32     20   37   46     15   18   22   31   33   36   37   40   44   44   45   46   46   46   46   46   46   46   46   46 
LCS_GDT     G   302_A     G      33     20   37   46     15   18   22   31   33   36   37   40   44   44   45   46   46   46   46   46   46   46   46   46 
LCS_GDT     N   303_A     N      34     20   37   46     15   18   22   31   33   36   37   40   44   44   45   46   46   46   46   46   46   46   46   46 
LCS_GDT     L   304_A     L      35     20   37   46      4   18   22   31   33   36   37   40   44   44   45   46   46   46   46   46   46   46   46   46 
LCS_GDT     P   305_A     P      36     20   37   46      4    5    5   18   30   35   37   39   44   44   45   46   46   46   46   46   46   46   46   46 
LCS_GDT     Q   306_A     Q      37      5   37   46      4   10   18   30   33   36   37   40   44   44   45   46   46   46   46   46   46   46   46   46 
LCS_GDT     K   307_A     K      38      5   35   46      4    5    5    5    5   19   28   33   37   42   45   46   46   46   46   46   46   46   46   46 
LCS_GDT     L   308_A     L      39      5    5   46      4    5    5    7   13   22   35   40   44   44   45   46   46   46   46   46   46   46   46   46 
LCS_GDT     Q   309_A     Q      40      5    5   46      3    5    5    5    5    5    7    9   21   25   40   46   46   46   46   46   46   46   46   46 
LCS_GDT     A   310_A     A      41      3    6   46      3    5    9   19   30   36   37   40   44   44   45   46   46   46   46   46   46   46   46   46 
LCS_GDT     K   311_A     K      42      5    6   46      5    5    5    5   17   26   36   40   44   44   45   46   46   46   46   46   46   46   46   46 
LCS_GDT     I   312_A     I      43      5    6   46      5    5    5    5   17   26   36   40   44   44   45   46   46   46   46   46   46   46   46   46 
LCS_GDT     I   313_A     I      44      5    6   46      5    5    5   13   17   28   36   40   44   44   45   46   46   46   46   46   46   46   46   46 
LCS_GDT     L   314_A     L      45      5    6   46      5    5    5   12   20   28   34   40   44   44   45   46   46   46   46   46   46   46   46   46 
LCS_GDT     I   315_A     I      46      5    6   46      5    6   11   23   27   33   37   40   44   44   45   46   46   46   46   46   46   46   46   46 
LCS_AVERAGE  LCS_A:  65.97  (  29.40   68.53  100.00 )

GLOBAL_DISTANCE_TEST (summary information about detected largest sets of residues (represented by selected AToms) that can fit under specified thresholds)
GDT DIST_CUTOFF  0.50   1.00   1.50   2.00   2.50   3.00   3.50   4.00   4.50   5.00   5.50   6.00   6.50   7.00   7.50   8.00   8.50   9.00   9.50  10.00
GDT NUMBER_AT     15     18     22     31     33     36     37     40     44     44     45     46     46     46     46     46     46     46     46     46 
GDT PERCENT_AT  32.61  39.13  47.83  67.39  71.74  78.26  80.43  86.96  95.65  95.65  97.83 100.00 100.00 100.00 100.00 100.00 100.00 100.00 100.00 100.00
GDT RMS_LOCAL    0.33   0.61   0.90   1.38   1.49   1.74   1.78   2.24   2.50   2.50   2.61   2.78   2.78   2.78   2.78   2.78   2.78   2.78   2.78   2.78
GDT RMS_ALL_AT   4.17   3.71   3.43   3.14   3.05   2.97   3.05   2.81   2.80   2.80   2.79   2.78   2.78   2.78   2.78   2.78   2.78   2.78   2.78   2.78

# Checking swapping
#   possible swapping detected:  F   281_A      F      12
#   possible swapping detected:  E   291_A      E      22

#      Molecule1      Molecule2  DISTANCE  RMSD(lw:1)  Mis    MC     All   Dist_max   GDC_mc  GDC_all
LGA    N   270_A      N       1     3.257      -        0     -       -       7.205   55.357   38.810
LGA    T   271_A      T       2     2.080     0.047     0    0.313   1.250    2.668   69.048   68.503
LGA    L   272_A      L       3     1.729     0.080     0    0.094   1.140    4.025   75.000   61.905
LGA    S   273_A      S       4     1.852     0.065     0    0.118   1.047    2.280   72.857   72.937
LGA    D   274_A      D       5     1.629     0.039     0    0.139   1.026    3.267   77.143   74.345
LGA    H   275_A      H       6     0.420     0.146     0    0.180   0.927    2.762   95.238   78.905
LGA    A   276_A      A       7     0.806     0.064     0    0.179   0.802    1.654   86.190   87.048
LGA    A   277_A      A       8     1.994     0.231     0    0.302   0.368    2.314   70.952   69.714
LGA    A   278_A      A       9     1.627     0.455     0    0.950   1.299    1.808   72.857   72.857
LGA    A   279_A      A      10     3.171     0.831     0    1.600   2.280    5.398   67.262   59.048
LGA    D   280_A      D      11     3.723     0.508     0    1.693   2.921    8.582   43.690   26.369
LGA    F   281_A      F      12     1.442     0.302     0    0.761   1.780    3.557   79.286   67.619
LGA    V   282_A      V      13     1.386     0.347     0    0.461   0.751    2.455   83.690   75.578
LGA    P   283_A      P      14     0.851     0.177     0    0.292   1.109    1.392   88.214   85.306
LGA    L   284_A      L      15     0.642     0.059     0    0.392   1.232    4.139   90.476   77.381
LGA    A   285_A      A      16     1.319     0.481     0    0.636   1.234    2.098   77.262   78.095
LGA    S   286_A      S      17     1.409     0.052     0    0.288   0.585    2.060   77.143   74.365
LGA    R   287_A      R      18     2.971     0.177     0    0.294   0.620    6.867   53.810   37.532
LGA    F   288_A      F      19     3.223     0.121     0    0.324   0.878    3.381   55.357   58.658
LGA    L   289_A      L      20     2.677     0.142     0    0.198   0.872    3.388   59.048   57.202
LGA    S   290_A      S      21     2.105     0.029     0    0.112   1.592    2.923   68.810   67.540
LGA    E   291_A      E      22     1.658     0.172     0    0.178   1.466    5.849   77.143   59.259
LGA    A   292_A      A      23     0.669     0.033     0    0.121   1.441    1.161   90.476   88.667
LGA    N   293_A      N      24     1.114     0.055     0    0.120   1.682    3.498   85.952   73.750
LGA    K   294_A      K      25     1.382     0.150     0    0.161   1.817    6.139   79.286   65.450
LGA    T   295_A      T      26     1.599     0.033     0    0.105   1.670    2.601   75.000   71.837
LGA    L   296_A      L      27     1.349     0.050     0    0.114   1.201    2.113   81.429   77.202
LGA    L   297_A      L      28     0.868     0.091     0    0.152   1.045    4.185   85.952   74.167
LGA    V   298_A      V      29     1.672     0.035     0    0.098   1.081    2.489   72.976   72.993
LGA    K   299_A      K      30     2.187     0.035     0    0.103   0.717    6.495   66.786   49.153
LGA    A   300_A      A      31     1.511     0.038     0    0.094   0.883    1.679   75.000   76.286
LGA    I   301_A      I      32     1.671     0.039     0    0.249   0.289    2.405   70.952   73.036
LGA    G   302_A      G      33     2.748     0.074     0    0.427   0.796    3.681   55.595   55.595
LGA    N   303_A      N      34     2.289     0.095     0    0.629   1.384    3.166   61.071   60.119
LGA    L   304_A      L      35     1.282     0.409     0    1.446   2.111    4.465   69.405   66.667
LGA    P   305_A      P      36     3.954     0.473     0    1.441   2.140    6.307   59.762   43.401
LGA    Q   306_A      Q      37     1.340     0.078     0    0.669   1.424    6.644   58.333   46.085
LGA    K   307_A      K      38     5.829     0.041     0    0.712   1.564   11.567   22.500   12.434
LGA    L   308_A      L      39     4.657     0.429     0    1.338   2.992    6.809   27.381   41.786
LGA    Q   309_A      Q      40     7.194     0.276     0    0.941   1.756   14.046   12.857    6.032
LGA    A   310_A      A      41     3.256     1.030     0    1.928   2.047    4.804   45.476   45.048
LGA    K   311_A      K      42     4.281     0.759     0    1.704   2.530   12.834   44.048   22.328
LGA    I   312_A      I      43     4.284     0.062     0    0.641   2.254    4.924   37.143   35.714
LGA    I   313_A      I      44     4.472     0.071     0    0.424   1.406    5.627   34.286   34.167
LGA    L   314_A      L      45     4.597     0.100     0    0.679   1.734    6.945   35.833   27.143
LGA    I   315_A      I      46     3.621      -        1     -       -       6.304   32.262   32.222

# RMSD_GDC results:       CA      MC common percent     ALL common percent   GDC_mc  GDC_all
NUMBER_OF_ATOMS_AA:       46     184    184  100.00     347    346   99.71                46
SUMMARY(RMSD_GDC):     2.784          2.783                  3.814           64.687   58.701

#CA            N1   N2   DIST      N    RMSD    GDT_TS    LGA_S3     LGA_Q 
SUMMARY(GDT)   94   46    5.0     44    2.50    73.370    75.665     1.695

LGA_LOCAL      RMSD:   2.497  Number of atoms:   44  under DIST:   5.00
LGA_ASGN_ATOMS RMSD:   2.797  Number of assigned atoms:   46 
Std_ASGN_ATOMS RMSD:   2.784  Standard rmsd on all 46 assigned CA atoms 

Unitary ROTATION matrix and the SHIFT vector superimpose molecules  (1=>2)
  X_new =  -0.969388 * X  +   0.029839 * Y  +  -0.243715 * Z  + -48.953533
  Y_new =   0.133578 * X  +  -0.768757 * Y  +  -0.625435 * Z  +   3.742146
  Z_new =  -0.206020 * X  +  -0.638844 * Y  +   0.741238 * Z  +  34.905041 

Euler angles from the ROTATION matrix. Conventions XYZ and ZXZ:
           Phi     Theta       Psi   [DEG:       Phi     Theta       Psi ]
XYZ:  3.004658  0.207506 -0.711340   [DEG:  172.1542   11.8892  -40.7568 ]
ZXZ: -0.371572  0.735883 -2.829634   [DEG:  -21.2895   42.1630 -162.1261 ]
 
# END of job
