
#######################################################
#                                                     #
#                        LGA                          #
#                  ---------------                    #
#                                                     #
#               Local-Global Alignment                #
#        A Method for Finding 3-D Similarities        #
#               in Protein Structures                 #
#                                                     #
#                  ------------ 04/2019               #
#                                                     #
#      Adam Zemla (zemla1@llnl.gov)                   #
#      Lawrence Livermore National Laboratory, CA     #
#                                                     #
#######################################################

# Molecule1: number of CA atoms  440 ( 3382),  selected  204 , name 5j4a
# Molecule2: number of CA atoms   43 (  311),  selected   43 , name T0868_1
# PARAMETERS: 5j4a_T0868_1  -3  -o2  -gdc  -lga_m  -stral  -aa1:215_A:257_A  -aa2:1:43  
# FIXED Atom-Atom correspondence
# GDT and LCS analysis 

LCS - RMSD CUTOFF   5.00      length       segment         l_RMS    g_RMS
  LONGEST_CONTINUOUS_SEGMENT:    25        13 - 37          4.84    12.11
  LONGEST_CONTINUOUS_SEGMENT:    25        14 - 38          4.76    12.21
  LONGEST_CONTINUOUS_SEGMENT:    25        15 - 39          5.00    12.28
  LCS_AVERAGE:     50.73

LCS - RMSD CUTOFF   2.00      length       segment         l_RMS    g_RMS
  LONGEST_CONTINUOUS_SEGMENT:     9         1 - 9           1.77    20.91
  LONGEST_CONTINUOUS_SEGMENT:     9         2 - 10          1.92    20.47
  LCS_AVERAGE:     16.50

LCS - RMSD CUTOFF   1.00      length       segment         l_RMS    g_RMS
  LONGEST_CONTINUOUS_SEGMENT:     6         2 - 7           0.90    20.47
  LONGEST_CONTINUOUS_SEGMENT:     6         3 - 8           0.29    20.79
  LCS_AVERAGE:     10.17

LCS_GDT    MOLECULE-1    MOLECULE-2     LCS_DETAILS     GDT_DETAILS                                                    TOTAL NUMBER OF RESIDUE PAIRS:   43
LCS_GDT     RESIDUE       RESIDUE       SEGMENT_SIZE    GLOBAL DISTANCE TEST COLUMNS: number of residues under the threshold assigned to each residue pair
LCS_GDT   NAME NUMBER   NAME NUMBER    1.0  2.0  5.0    0.5  1.0  1.5  2.0  2.5  3.0  3.5  4.0  4.5  5.0  5.5  6.0  6.5  7.0  7.5  8.0  8.5  9.0  9.5 10.0
LCS_GDT     L   215_A     L       1      4    9   16      0    3    4    6    9    9   11   12   12   13   13   14   14   14   14   16   16   17   20   21 
LCS_GDT     G   216_A     G       2      6    9   16      3    4    6    7    9    9   11   12   12   13   13   14   14   14   15   16   16   17   20   21 
LCS_GDT     G   217_A     G       3      6    9   16      6    6    6    7    9    9   11   12   12   13   13   14   14   14   15   16   16   18   20   21 
LCS_GDT     T   218_A     T       4      6    9   16      6    6    6    7    9    9   11   12   12   13   13   14   14   14   15   16   17   19   20   21 
LCS_GDT     L   219_A     L       5      6    9   16      6    6    6    7    9    9   11   12   12   13   13   14   14   14   15   17   19   19   23   29 
LCS_GDT     Q   220_A     Q       6      6    9   16      6    6    6    7    9    9   11   12   12   13   13   14   16   18   24   27   29   31   32   33 
LCS_GDT     R   221_A     R       7      6    9   16      6    6    6    7    9    9   12   13   16   18   20   22   24   26   28   29   32   33   33   34 
LCS_GDT     A   222_A     A       8      6    9   16      6    6    6    6    9    9   14   16   18   18   20   22   23   26   28   29   32   33   33   34 
LCS_GDT     P   223_A     P       9      4    9   16      4    4    4    7    9    9   11   16   18   18   20   22   23   24   28   29   32   33   33   34 
LCS_GDT     Q   224_A     Q      10      4    9   16      4    4    4    6    7   10   14   16   18   18   20   22   23   24   27   29   32   33   33   34 
LCS_GDT     G   225_A     G      11      4    7   16      4    4    4    5    7   10   14   16   18   18   20   22   23   26   28   29   32   33   33   34 
LCS_GDT     S   226_A     S      12      3    7   23      1    3    3    6    9    9   11   13   18   18   20   22   24   26   28   29   32   33   33   34 
LCS_GDT     S   227_A     S      13      4    7   25      1    4    5    6    9   10   14   16   18   18   20   22   24   26   28   29   32   33   33   34 
LCS_GDT     V   228_A     V      14      4    7   25      3    4    5    6    9   10   14   16   18   18   20   22   24   26   28   29   32   33   33   34 
LCS_GDT     D   229_A     D      15      4    7   25      3    4    5    5    6    8    8   10   12   15   18   22   24   26   28   29   32   33   33   34 
LCS_GDT     F   230_A     F      16      4    7   25      3    4    5    6    9   12   14   14   15   17   19   22   24   25   28   29   32   33   33   34 
LCS_GDT     V   231_A     V      17      4    7   25      3    4    4    5    6    8    9   10   14   16   18   21   24   25   27   29   32   33   33   34 
LCS_GDT     F   232_A     F      18      4    5   25      3    4    4    4    6    8    8   10   14   15   17   21   24   25   27   29   32   33   33   34 
LCS_GDT     S   233_A     S      19      5    7   25      3    4    5    7   10   12   14   14   16   17   19   22   24   26   28   29   32   33   33   34 
LCS_GDT     S   234_A     S      20      5    7   25      3    4    5    7   10   12   14   14   16   17   19   22   24   26   28   29   32   33   33   34 
LCS_GDT     G   235_A     G      21      5    7   25      3    4    5    7   10   12   14   14   16   17   19   22   24   26   28   29   32   33   33   34 
LCS_GDT     P   236_A     P      22      5    7   25      3    4    5    7   10   12   14   14   16   17   19   22   24   26   28   29   32   33   33   34 
LCS_GDT     N   237_A     N      23      5    7   25      3    4    5    7   10   12   14   14   16   17   19   22   24   26   28   29   32   33   33   34 
LCS_GDT     N   238_A     N      24      4    7   25      3    3    5    6    9   12   14   14   18   18   20   22   24   26   28   29   32   33   33   34 
LCS_GDT     G   239_A     G      25      4    7   25      3    4    4    5    7   10   14   16   18   18   20   22   24   26   28   29   32   33   33   34 
LCS_GDT     K   240_A     K      26      3    7   25      3    3    4    6    9   12   14   16   18   18   20   22   24   26   28   29   32   33   33   34 
LCS_GDT     T   241_A     T      27      5    8   25      3    4    5    7   10   12   14   16   18   18   20   22   24   26   28   29   32   33   33   34 
LCS_GDT     V   242_A     V      28      5    8   25      4    4    5    7   10   12   14   16   18   18   20   22   24   26   28   29   32   33   33   34 
LCS_GDT     D   243_A     D      29      5    8   25      4    4    5    7   10   12   14   16   18   18   20   22   24   26   28   29   32   33   33   34 
LCS_GDT     F   244_A     F      30      5    8   25      4    4    5    7   10   12   14   16   18   18   20   22   24   26   28   29   32   33   33   34 
LCS_GDT     M   245_A     M      31      5    8   25      4    4    5    6    7    9   14   14   15   17   19   22   24   26   28   29   32   33   33   34 
LCS_GDT     L   246_A     L      32      4    8   25      3    4    5    6   10   12   14   14   16   18   20   22   24   26   28   29   32   33   33   34 
LCS_GDT     T   247_A     T      33      4    8   25      3    4    5    7    9   11   14   16   18   18   20   22   24   26   28   29   32   33   33   34 
LCS_GDT     P   248_A     P      34      4    8   25      3    4    5    6    9   10   14   16   18   18   20   22   24   26   28   29   32   33   33   34 
LCS_GDT     D   249_A     D      35      4    6   25      3    4    5    5    9   10   14   16   18   18   20   22   24   26   28   29   32   33   33   34 
LCS_GDT     T   250_A     T      36      4    6   25      3    4    5    6    9   10   14   16   18   18   20   22   24   26   28   29   32   33   33   34 
LCS_GDT     V   251_A     V      37      4    6   25      0    3    4    4    5    6    8   13   16   18   20   22   24   26   28   29   32   33   33   34 
LCS_GDT     A   252_A     A      38      3    4   25      1    3    3    3    4    4    7    8    9   14   18   21   23   26   28   29   32   33   33   34 
LCS_GDT     Q   253_A     Q      39      3    4   25      0    3    3    3    3    4    7    8    9   12   12   20   22   24   27   29   32   33   33   34 
LCS_GDT     A   254_A     A      40      3    4   16      1    3    3    3    3    4    5    7    8   11   13   20   21   24   26   28   29   31   33   34 
LCS_GDT     A   255_A     A      41      3    4   16      0    3    3    3    3    4    5    6    8   10   12   14   15   16   17   17   17   17   18   18 
LCS_GDT     K   256_A     K      42      3    4   16      0    3    3    3    3    4    5    6    7    8   12   14   15   16   17   17   17   17   18   18 
LCS_GDT     I   257_A     I      43      3    3   16      0    3    3    3    3    4    5    6    7    8   12   13   15   16   17   17   17   17   18   18 
LCS_AVERAGE  LCS_A:  25.80  (  10.17   16.50   50.73 )

GLOBAL_DISTANCE_TEST (summary information about detected largest sets of residues (represented by selected AToms) that can fit under specified thresholds)
GDT DIST_CUTOFF  0.50   1.00   1.50   2.00   2.50   3.00   3.50   4.00   4.50   5.00   5.50   6.00   6.50   7.00   7.50   8.00   8.50   9.00   9.50  10.00
GDT NUMBER_AT      6      6      6      7     10     12     14     16     18     18     20     22     24     26     28     29     32     33     33     34 
GDT PERCENT_AT  13.95  13.95  13.95  16.28  23.26  27.91  32.56  37.21  41.86  41.86  46.51  51.16  55.81  60.47  65.12  67.44  74.42  76.74  76.74  79.07
GDT RMS_LOCAL    0.29   0.29   0.29   1.28   1.78   2.08   2.35   2.71   3.04   3.04   3.55   3.80   4.45   4.91   5.22   5.31   5.83   5.93   5.93   6.23
GDT RMS_ALL_AT  20.79  20.79  20.79  12.94  13.54  13.77  13.75  13.20  13.00  13.00  12.67  12.68  12.21  12.13  12.07  12.22  12.06  12.09  12.09  12.04

# Checking swapping
#   possible swapping detected:  D   229_A      D      15
#   possible swapping detected:  F   230_A      F      16
#   possible swapping detected:  D   243_A      D      29

#      Molecule1      Molecule2  DISTANCE  RMSD(lw:1)  Mis    MC     All   Dist_max   GDC_mc  GDC_all
LGA    L   215_A      L       1    26.408      -        0     -       -      28.255    0.000    0.000
LGA    G   216_A      G       2    28.991     0.739     0    1.107   1.873   28.991    0.000    0.000
LGA    G   217_A      G       3    25.595     0.026     0    1.163   1.351   27.066    0.000    0.000
LGA    T   218_A      T       4    20.984     0.089     0    0.222   1.292   22.410    0.000    0.000
LGA    L   219_A      L       5    15.135     0.051     0    0.181   1.342   17.424    0.000    0.000
LGA    Q   220_A      Q       6    10.671     0.095     0    0.466   2.375   16.645    1.905    0.847
LGA    R   221_A      R       7     5.498     0.109     0    0.619   2.229    8.719   29.167   20.346
LGA    A   222_A      A       8     3.348     0.624     0    1.622   1.853    4.495   57.262   53.238
LGA    P   223_A      P       9     4.097     0.099     0    0.670   1.084    6.078   48.810   37.143
LGA    Q   224_A      Q      10     3.565     0.125     0    0.548   0.875    8.681   45.000   26.825
LGA    G   225_A      G      11     2.176     0.900     0    1.459   2.122    4.015   59.881   59.881
LGA    S   226_A      S      12     4.427     0.699     0    1.891   1.895    7.480   52.262   38.730
LGA    S   227_A      S      13     1.941     0.636     0    1.796   2.550    4.713   61.548   57.063
LGA    V   228_A      V      14     1.260     0.702     0    1.187   1.506    4.647   61.071   58.912
LGA    D   229_A      D      15     7.746     0.103     0    1.402   2.487   11.233    9.881    5.000
LGA    F   230_A      F      16     9.546     0.920     0    1.479   2.760   17.549    1.786    0.649
LGA    V   231_A      V      17    11.931     0.598     0    1.991   3.229   14.125    0.000    0.000
LGA    F   232_A      F      18    13.961     0.240     0    0.877   2.049   18.700    0.000    0.000
LGA    S   233_A      S      19    11.306     0.588     0    1.672   1.932   13.259    0.000    0.000
LGA    S   234_A      S      20    13.252     0.220     0    0.765   1.619   15.925    0.000    0.000
LGA    G   235_A      G      21    14.385     0.092     0    0.445   0.537   14.385    0.000    0.000
LGA    P   236_A      P      22    14.090     0.123     0    0.643   1.123   16.545    0.000    0.000
LGA    N   237_A      N      23     9.725     0.424     0    1.236   1.808   11.410    3.690    1.845
LGA    N   238_A      N      24     4.351     0.140     0    1.278   1.874    6.365   45.119   34.048
LGA    G   239_A      G      25     2.335     0.266     0    1.614   2.160    2.335   70.952   70.952
LGA    K   240_A      K      26     2.250     0.644     0    1.791   1.966    6.074   57.976   46.085
LGA    T   241_A      T      27     3.071     0.116     0    1.153   2.167    7.421   61.190   43.197
LGA    V   242_A      V      28     2.833     0.469     0    0.726   1.457    7.610   57.262   40.544
LGA    D   243_A      D      29     3.653     0.111     0    0.270   1.369    8.229   39.524   24.286
LGA    F   244_A      F      30     3.783     0.300     0    0.495   1.414   10.179   43.690   24.286
LGA    M   245_A      M      31     7.338     0.648     0    1.264   2.653   15.343   11.905    6.012
LGA    L   246_A      L      32     6.094     0.476     0    1.218   2.237    8.449   20.476   15.476
LGA    T   247_A      T      33     3.276     0.627     0    0.872   1.471    6.395   55.714   45.782
LGA    P   248_A      P      34     0.537     0.054     0    0.598   1.936    2.779   75.476   72.177
LGA    D   249_A      D      35     3.045     0.192     0    0.818   1.655    8.065   65.119   40.000
LGA    T   250_A      T      36     1.070     0.891     0    1.753   2.336    5.916   63.333   49.184
LGA    V   251_A      V      37     7.250     0.705     0    1.586   2.393    9.905   10.833    6.871
LGA    A   252_A      A      38    11.805     0.533     0    1.474   2.080   14.803    0.119    0.095
LGA    Q   253_A      Q      39    13.976     0.579     0    1.519   1.806   16.370    0.000    0.000
LGA    A   254_A      A      40    18.462     0.641     0    1.269   2.365   21.962    0.000    0.000
LGA    A   255_A      A      41    24.503     0.929     0    1.851   2.201   25.789    0.000    0.000
LGA    K   256_A      K      42    26.468     0.716     0    1.620   2.579   28.262    0.000    0.000
LGA    I   257_A      I      43    26.112      -        1     -       -      30.193    0.000    0.000

# RMSD_GDC results:       CA      MC common percent     ALL common percent   GDC_mc  GDC_all
NUMBER_OF_ATOMS_AA:       43     172    172  100.00     311    310   99.68                43
SUMMARY(RMSD_GDC):    11.693         11.679                 11.589           25.836   20.453

#CA            N1   N2   DIST      N    RMSD    GDT_TS    LGA_S3     LGA_Q 
SUMMARY(GDT)  204   43    5.0     18    3.04    33.721    29.858     0.573

LGA_LOCAL      RMSD:   3.040  Number of atoms:   18  under DIST:   5.00
LGA_ASGN_ATOMS RMSD:  13.000  Number of assigned atoms:   43 
Std_ASGN_ATOMS RMSD:  11.693  Standard rmsd on all 43 assigned CA atoms 

Unitary ROTATION matrix and the SHIFT vector superimpose molecules  (1=>2)
  X_new =   0.604365 * X  +   0.691920 * Y  +  -0.394956 * Z  +  -8.626477
  Y_new =   0.195123 * X  +  -0.609185 * Y  +  -0.768648 * Z  +  15.427966
  Z_new =  -0.772444 * X  +   0.387479 * Y  +  -0.503179 * Z  + -17.563484 

Euler angles from the ROTATION matrix. Conventions XYZ and ZXZ:
           Phi     Theta       Psi   [DEG:       Phi     Theta       Psi ]
XYZ:  0.312291  0.882681  2.485375   [DEG:   17.8930   50.5739  142.4015 ]
ZXZ: -0.474652  2.098070 -1.105848   [DEG:  -27.1955  120.2106  -63.3604 ]
 
# END of job
