
#######################################################
#                                                     #
#                        LGA                          #
#                  ---------------                    #
#                                                     #
#               Local-Global Alignment                #
#        A Method for Finding 3-D Similarities        #
#               in Protein Structures                 #
#                                                     #
#                  ------------ 04/2019               #
#                                                     #
#      Adam Zemla (zemla1@llnl.gov)                   #
#      Lawrence Livermore National Laboratory, CA     #
#                                                     #
#######################################################

# Molecule1: number of CA atoms  440 ( 3382),  selected   94 , name 5j4a
# Molecule2: number of CA atoms   46 (  347),  selected   46 , name T0868_5
# PARAMETERS: 5j4a_T0868_5  -3  -o2  -gdc  -lga_m  -stral  -aa1:270_A:315_A  -aa2:1:46  
# FIXED Atom-Atom correspondence
# GDT and LCS analysis 

LCS - RMSD CUTOFF   5.00      length       segment         l_RMS    g_RMS
  LONGEST_CONTINUOUS_SEGMENT:    46         1 - 46          2.53     2.53
  LCS_AVERAGE:    100.00

LCS - RMSD CUTOFF   2.00      length       segment         l_RMS    g_RMS
  LONGEST_CONTINUOUS_SEGMENT:    38         1 - 38          1.91     2.68
  LONGEST_CONTINUOUS_SEGMENT:    38         2 - 39          1.98     2.66
  LCS_AVERAGE:     71.98

LCS - RMSD CUTOFF   1.00      length       segment         l_RMS    g_RMS
  LONGEST_CONTINUOUS_SEGMENT:    20        16 - 35          0.80     4.06
  LONGEST_CONTINUOUS_SEGMENT:    20        17 - 36          0.96     3.86
  LCS_AVERAGE:     28.26

LCS_GDT    MOLECULE-1    MOLECULE-2     LCS_DETAILS     GDT_DETAILS                                                    TOTAL NUMBER OF RESIDUE PAIRS:   46
LCS_GDT     RESIDUE       RESIDUE       SEGMENT_SIZE    GLOBAL DISTANCE TEST COLUMNS: number of residues under the threshold assigned to each residue pair
LCS_GDT   NAME NUMBER   NAME NUMBER    1.0  2.0  5.0    0.5  1.0  1.5  2.0  2.5  3.0  3.5  4.0  4.5  5.0  5.5  6.0  6.5  7.0  7.5  8.0  8.5  9.0  9.5 10.0
LCS_GDT     N   270_A     N       1     10   38   46      8   10   13   26   34   36   40   42   44   45   46   46   46   46   46   46   46   46   46   46 
LCS_GDT     T   271_A     T       2     10   38   46      8   10   26   31   35   36   40   42   44   45   46   46   46   46   46   46   46   46   46   46 
LCS_GDT     L   272_A     L       3     10   38   46      8   15   26   31   35   36   40   42   44   45   46   46   46   46   46   46   46   46   46   46 
LCS_GDT     S   273_A     S       4     10   38   46      8   11   27   31   35   36   40   42   44   45   46   46   46   46   46   46   46   46   46   46 
LCS_GDT     D   274_A     D       5     10   38   46      8   12   27   31   35   36   40   42   44   45   46   46   46   46   46   46   46   46   46   46 
LCS_GDT     H   275_A     H       6     10   38   46      8   11   27   31   35   36   40   42   44   45   46   46   46   46   46   46   46   46   46   46 
LCS_GDT     A   276_A     A       7     10   38   46      8   12   27   31   35   36   40   42   44   45   46   46   46   46   46   46   46   46   46   46 
LCS_GDT     A   277_A     A       8     10   38   46      8   12   27   31   35   36   40   42   44   45   46   46   46   46   46   46   46   46   46   46 
LCS_GDT     A   278_A     A       9     10   38   46      5   12   27   31   35   36   40   42   44   45   46   46   46   46   46   46   46   46   46   46 
LCS_GDT     A   279_A     A      10     10   38   46      3    6   12   17   33   36   40   42   44   45   46   46   46   46   46   46   46   46   46   46 
LCS_GDT     D   280_A     D      11      5   38   46      3    5   20   31   35   36   39   42   44   45   46   46   46   46   46   46   46   46   46   46 
LCS_GDT     F   281_A     F      12      6   38   46      5   12   27   31   35   36   40   42   44   45   46   46   46   46   46   46   46   46   46   46 
LCS_GDT     V   282_A     V      13      6   38   46      5   15   27   31   35   36   40   42   44   45   46   46   46   46   46   46   46   46   46   46 
LCS_GDT     P   283_A     P      14      6   38   46      5   15   27   31   35   36   40   42   44   45   46   46   46   46   46   46   46   46   46   46 
LCS_GDT     L   284_A     L      15      7   38   46      3   11   26   31   35   36   40   42   44   45   46   46   46   46   46   46   46   46   46   46 
LCS_GDT     A   285_A     A      16     20   38   46      3    7   14   28   35   36   39   42   44   45   46   46   46   46   46   46   46   46   46   46 
LCS_GDT     S   286_A     S      17     20   38   46      3   11   27   31   35   36   40   42   44   45   46   46   46   46   46   46   46   46   46   46 
LCS_GDT     R   287_A     R      18     20   38   46      8   18   27   31   35   36   40   42   44   45   46   46   46   46   46   46   46   46   46   46 
LCS_GDT     F   288_A     F      19     20   38   46      5   18   27   31   35   36   40   42   44   45   46   46   46   46   46   46   46   46   46   46 
LCS_GDT     L   289_A     L      20     20   38   46      3   18   27   31   35   36   40   42   44   45   46   46   46   46   46   46   46   46   46   46 
LCS_GDT     S   290_A     S      21     20   38   46      8   18   27   31   35   36   40   42   44   45   46   46   46   46   46   46   46   46   46   46 
LCS_GDT     E   291_A     E      22     20   38   46      8   18   27   31   35   36   40   42   44   45   46   46   46   46   46   46   46   46   46   46 
LCS_GDT     A   292_A     A      23     20   38   46      6   18   26   31   35   36   40   42   44   45   46   46   46   46   46   46   46   46   46   46 
LCS_GDT     N   293_A     N      24     20   38   46      7   18   27   31   35   36   40   42   44   45   46   46   46   46   46   46   46   46   46   46 
LCS_GDT     K   294_A     K      25     20   38   46      7   18   27   31   35   36   40   42   44   45   46   46   46   46   46   46   46   46   46   46 
LCS_GDT     T   295_A     T      26     20   38   46      8   18   27   31   35   36   40   42   44   45   46   46   46   46   46   46   46   46   46   46 
LCS_GDT     L   296_A     L      27     20   38   46      7   18   27   31   35   36   40   42   44   45   46   46   46   46   46   46   46   46   46   46 
LCS_GDT     L   297_A     L      28     20   38   46      7   18   27   31   35   36   40   42   44   45   46   46   46   46   46   46   46   46   46   46 
LCS_GDT     V   298_A     V      29     20   38   46      7   18   27   31   35   36   40   42   44   45   46   46   46   46   46   46   46   46   46   46 
LCS_GDT     K   299_A     K      30     20   38   46      8   18   27   31   35   36   40   42   44   45   46   46   46   46   46   46   46   46   46   46 
LCS_GDT     A   300_A     A      31     20   38   46      7   18   27   31   35   36   40   42   44   45   46   46   46   46   46   46   46   46   46   46 
LCS_GDT     I   301_A     I      32     20   38   46      8   18   27   31   35   36   40   42   44   45   46   46   46   46   46   46   46   46   46   46 
LCS_GDT     G   302_A     G      33     20   38   46      8   18   27   31   35   36   40   42   44   45   46   46   46   46   46   46   46   46   46   46 
LCS_GDT     N   303_A     N      34     20   38   46      7   18   27   31   35   36   40   42   44   45   46   46   46   46   46   46   46   46   46   46 
LCS_GDT     L   304_A     L      35     20   38   46      8   18   27   31   35   36   40   42   44   45   46   46   46   46   46   46   46   46   46   46 
LCS_GDT     P   305_A     P      36     20   38   46      3    5    5   11   19   35   38   41   44   45   46   46   46   46   46   46   46   46   46   46 
LCS_GDT     Q   306_A     Q      37      5   38   46      4   10   19   30   35   36   40   42   44   45   46   46   46   46   46   46   46   46   46   46 
LCS_GDT     K   307_A     K      38      5   38   46      4    5    5   13   19   29   35   39   44   45   46   46   46   46   46   46   46   46   46   46 
LCS_GDT     L   308_A     L      39      5   38   46      4    5    5    9   20   34   40   42   44   45   46   46   46   46   46   46   46   46   46   46 
LCS_GDT     Q   309_A     Q      40      5    5   46      4    5    5    6    6    7    9   21   33   44   46   46   46   46   46   46   46   46   46   46 
LCS_GDT     A   310_A     A      41      3    6   46      3    4   12   25   35   36   40   42   44   45   46   46   46   46   46   46   46   46   46   46 
LCS_GDT     K   311_A     K      42      5    6   46      5    5    5    6    6   25   38   41   44   45   46   46   46   46   46   46   46   46   46   46 
LCS_GDT     I   312_A     I      43      5    6   46      5    5    5    9   22   32   40   42   44   45   46   46   46   46   46   46   46   46   46   46 
LCS_GDT     I   313_A     I      44      5    6   46      5    5    7   17   24   33   40   42   44   45   46   46   46   46   46   46   46   46   46   46 
LCS_GDT     L   314_A     L      45      5    6   46      5    5    7   17   24   34   40   42   44   45   46   46   46   46   46   46   46   46   46   46 
LCS_GDT     I   315_A     I      46      5    6   46      5    8   13   24   32   36   40   42   44   45   46   46   46   46   46   46   46   46   46   46 
LCS_AVERAGE  LCS_A:  66.75  (  28.26   71.98  100.00 )

GLOBAL_DISTANCE_TEST (summary information about detected largest sets of residues (represented by selected AToms) that can fit under specified thresholds)
GDT DIST_CUTOFF  0.50   1.00   1.50   2.00   2.50   3.00   3.50   4.00   4.50   5.00   5.50   6.00   6.50   7.00   7.50   8.00   8.50   9.00   9.50  10.00
GDT NUMBER_AT      8     18     27     31     35     36     40     42     44     45     46     46     46     46     46     46     46     46     46     46 
GDT PERCENT_AT  17.39  39.13  58.70  67.39  76.09  78.26  86.96  91.30  95.65  97.83 100.00 100.00 100.00 100.00 100.00 100.00 100.00 100.00 100.00 100.00
GDT RMS_LOCAL    0.34   0.56   1.12   1.19   1.49   1.54   2.03   2.13   2.32   2.39   2.53   2.53   2.53   2.53   2.53   2.53   2.53   2.53   2.53   2.53
GDT RMS_ALL_AT   3.94   4.16   2.89   2.84   2.76   2.75   2.54   2.54   2.53   2.53   2.53   2.53   2.53   2.53   2.53   2.53   2.53   2.53   2.53   2.53

# Checking swapping

#      Molecule1      Molecule2  DISTANCE  RMSD(lw:1)  Mis    MC     All   Dist_max   GDC_mc  GDC_all
LGA    N   270_A      N       1     2.445      -        0     -       -       7.163   75.238   46.964
LGA    T   271_A      T       2     1.211     0.026     0    0.571   1.620    2.845   83.810   76.939
LGA    L   272_A      L       3     1.291     0.135     0    0.149   1.028    3.498   83.690   74.405
LGA    S   273_A      S       4     1.181     0.075     0    0.145   0.792    1.581   83.690   81.508
LGA    D   274_A      D       5     0.809     0.045     0    0.103   0.781    1.089   92.976   90.595
LGA    H   275_A      H       6     0.388     0.110     0    0.141   0.773    2.616   97.619   83.000
LGA    A   276_A      A       7     0.376     0.045     0    0.152   0.800    0.752   95.238   96.190
LGA    A   277_A      A       8     0.907     0.226     0    0.285   0.363    1.004   90.476   88.667
LGA    A   278_A      A       9     0.551     0.427     0    0.983   1.321    1.205   85.952   85.048
LGA    A   279_A      A      10     2.953     0.913     0    1.634   2.211    5.305   71.310   62.286
LGA    D   280_A      D      11     3.477     0.446     0    1.710   2.070    7.375   50.476   32.976
LGA    F   281_A      F      12     1.399     0.395     0    0.811   1.958    7.740   79.286   50.952
LGA    V   282_A      V      13     1.392     0.334     0    0.532   1.442    1.772   81.429   77.755
LGA    P   283_A      P      14     1.706     0.115     0    0.454   1.311    2.921   77.143   69.660
LGA    L   284_A      L      15     0.784     0.086     0    0.501   1.341    5.724   83.810   69.107
LGA    A   285_A      A      16     3.747     0.206     0    0.583   1.596    5.527   53.690   47.238
LGA    S   286_A      S      17     2.320     0.080     0    0.425   1.184    4.464   69.048   63.016
LGA    R   287_A      R      18     2.662     0.059     0    0.521   1.925    8.937   62.976   33.290
LGA    F   288_A      F      19     1.865     0.158     0    0.544   1.822    3.328   68.810   62.165
LGA    L   289_A      L      20     1.685     0.287     0    0.567   1.097    2.552   77.143   71.012
LGA    S   290_A      S      21     0.767     0.180     0    0.261   1.238    2.521   90.595   83.492
LGA    E   291_A      E      22     1.172     0.044     0    0.137   1.424    4.231   83.929   70.265
LGA    A   292_A      A      23     1.673     0.058     0    0.128   1.436    2.222   79.286   76.381
LGA    N   293_A      N      24     0.808     0.090     0    0.110   1.411    3.510   92.857   81.310
LGA    K   294_A      K      25     1.208     0.059     0    0.136   1.562    6.010   81.548   65.344
LGA    T   295_A      T      26     1.794     0.118     0    0.159   1.661    3.292   75.000   69.660
LGA    L   296_A      L      27     1.423     0.043     0    0.093   1.693    3.559   83.690   72.560
LGA    L   297_A      L      28     1.083     0.149     0    0.147   1.722    5.555   83.690   64.464
LGA    V   298_A      V      29     2.103     0.040     0    0.072   1.667    2.649   66.786   64.830
LGA    K   299_A      K      30     2.106     0.027     0    0.119   1.445    6.062   68.810   52.963
LGA    A   300_A      A      31     1.363     0.125     0    0.152   1.276    1.526   79.286   79.714
LGA    I   301_A      I      32     1.747     0.038     0    0.260   0.293    2.629   70.952   69.940
LGA    G   302_A      G      33     2.701     0.081     0    0.431   0.899    3.812   55.595   55.595
LGA    N   303_A      N      34     2.294     0.057     0    0.608   1.540    4.422   61.071   53.333
LGA    L   304_A      L      35     1.703     0.450     0    1.454   2.150    4.628   63.214   64.048
LGA    P   305_A      P      36     4.259     0.527     0    1.441   2.329    6.635   52.500   38.095
LGA    Q   306_A      Q      37     1.556     0.161     0    0.684   1.555    6.369   59.524   43.810
LGA    K   307_A      K      38     4.869     0.073     0    0.239   1.588   11.520   33.333   18.624
LGA    L   308_A      L      39     3.751     0.191     0    0.710   1.903    6.952   35.000   53.274
LGA    Q   309_A      Q      40     6.238     0.144     0    1.338   2.100    9.338   22.024   11.693
LGA    A   310_A      A      41     2.529     0.605     0    1.669   2.208    4.687   48.929   49.143
LGA    K   311_A      K      42     4.711     0.745     0    1.717   2.767   15.815   40.714   19.894
LGA    I   312_A      I      43     3.918     0.065     0    0.633   3.000    5.548   41.786   35.536
LGA    I   313_A      I      44     3.926     0.071     0    0.411   1.452    5.141   43.333   44.821
LGA    L   314_A      L      45     3.769     0.190     0    0.443   1.207    7.493   46.667   38.750
LGA    I   315_A      I      46     2.920      -        1     -       -       3.935   48.452   49.471

# RMSD_GDC results:       CA      MC common percent     ALL common percent   GDC_mc  GDC_all
NUMBER_OF_ATOMS_AA:       46     184    184  100.00     347    346   99.71                46
SUMMARY(RMSD_GDC):     2.531          2.490                  3.705           68.965   60.647

#CA            N1   N2   DIST      N    RMSD    GDT_TS    LGA_S3     LGA_Q 
SUMMARY(GDT)   94   46    5.0     45    2.39    74.457    78.406     1.809

LGA_LOCAL      RMSD:   2.388  Number of atoms:   45  under DIST:   5.00
LGA_ASGN_ATOMS RMSD:   2.534  Number of assigned atoms:   46 
Std_ASGN_ATOMS RMSD:   2.531  Standard rmsd on all 46 assigned CA atoms 

Unitary ROTATION matrix and the SHIFT vector superimpose molecules  (1=>2)
  X_new =  -0.961182 * X  +  -0.243314 * Y  +  -0.130104 * Z  + -44.193958
  Y_new =   0.257656 * X  +  -0.960207 * Y  +  -0.107775 * Z  +  22.865513
  Z_new =  -0.098704 * X  +  -0.137113 * Y  +   0.985625 * Z  +  18.624689 

Euler angles from the ROTATION matrix. Conventions XYZ and ZXZ:
           Phi     Theta       Psi   [DEG:       Phi     Theta       Psi ]
XYZ:  2.879689  0.098865 -0.138226   [DEG:  164.9940    5.6645   -7.9198 ]
ZXZ: -0.878991  0.169759 -2.517656   [DEG:  -50.3625    9.7265 -144.2511 ]
 
# END of job
